#$SPEC_ID:
#No sample description was entered.
#$SPEC_REM:
#DET# 1
#DETDESC# NEWTON MCB 338
#AP# Maestro Version 6.06
#$DATE_MEA:
#03/31/2017 22:40:48
#$MEAS_TIM:
#3637 3639
#$DATA:
#0 8191
       0
       0
       0
       0
       0
       0
       0
       0
       0
       0
       0
       0
       0
       0
       0
       0
       0
       0
       0
       0
       0
       0
       0
       0
       0
       0
       0
       0
       0
       0
       0
       0
       0
       0
       0
       0
       0
       0
       0
       0
       0
       0
       0
       0
       0
       0
       0
       0
       0
       0
       0
       1
       5
      28
      62
      73
     104
     108
     100
     109
     112
     109
      94
     105
      88
     106
     110
      76
      75
      99
     112
      91
      96
      85
      93
      93
      90
      79
      91
      87
     104
      91
      92
      84
      79
      68
      79
      85
      80
      92
      73
      71
      67
      81
      69
      76
      76
      74
      72
      69
      95
      71
      84
      67
      96
      74
      66
      66
      88
      72
      74
      78
      78
      70
      74
      73
      58
      67
      80
      77
      65
      59
      79
      76
      84
      60
      85
      74
      69
      68
      73
      67
      68
      63
      64
      80
      90
     110
     132
     188
     233
     230
     165
      86
      57
      66
      67
      58
      73
      65
      58
      64
      61
      69
      53
      81
      85
     165
     180
     165
     128
      96
      93
      90
      62
      59
      62
      56
      42
      54
      63
      51
      52
      62
      48
      65
      37
      57
      55
      50
      57
      50
      54
      54
      71
      52
      42
      54
      61
      38
      50
      54
      48
      55
      50
      53
      58
      48
      51
      41
      54
      51
      39
      43
      59
      48
      47
      48
      44
      38
      47
      45
      43
      39
      46
      56
      48
      54
      49
      49
      35
      53
      67
      59
      37
      41
      45
      56
      53
      46
      37
      59
      57
      53
      57
      44
      56
      60
      52
      49
      58
      50
      60
      57
      48
      46
      49
      68
      43
      49
      61
      65
      43
      39
      50
      53
      60
      70
      66
      67
      42
      54
      34
      46
      52
      45
      43
      39
      52
      50
      56
      44
      67
      61
      60
      60
      49
      60
      70
      69
      80
      72
      65
      82
      82
      71
      90
      99
      83
     104
     118
      98
      93
      78
      71
      81
      69
      76
      76
      66
      82
      67
      66
      77
      60
      52
      70
      71
      62
      57
      78
      59
      85
      70
      83
      57
      65
      62
      63
      63
      61
      60
      57
      74
      62
      59
      61
      61
      82
      59
      50
      59
      68
      63
      57
      53
      63
      65
      63
      45
      52
      70
      58
      56
      63
      63
      77
      66
      67
      74
      62
      73
      70
      65
      83
      79
      78
      63
      59
      63
      70
      49
      65
      68
      58
      66
      63
      67
      55
      71
      62
      71
      69
      60
      75
      67
      70
      65
      71
      63
      83
      76
      65
      80
      78
      67
     101
      70
      76
      86
      79
      86
      61
      80
      93
      86
      86
      81
      76
      85
      69
      80
      84
     110
      79
      88
      77
      99
      98
      93
     170
     478
    1536
    2942
    3943
    2928
    1520
     477
     156
      78
      68
      56
      53
      56
      59
      37
      54
      56
      63
      53
      54
      55
      60
      54
      59
      55
      61
      58
      50
      63
      51
      56
      50
      37
      49
      53
      56
      55
      52
      50
      62
      46
      44
      44
      59
      44
      45
      47
      40
      37
      57
      49
      52
      42
      67
      47
      46
      47
      54
      45
      44
      48
      54
      55
      58
      41
      47
      60
      59
      56
      43
      56
      44
      56
      36
      39
      68
      61
      52
      50
      43
      53
      52
      53
      43
      62
      51
      70
      54
      54
      46
      63
      89
      47
      62
      63
      63
      72
      63
      71
      49
      58
      48
      59
      78
      64
      65
      73
      64
      69
      40
      66
      65
      54
      52
      60
      60
      62
      54
      56
      60
      49
      52
      61
      55
      57
      48
      61
      64
      51
      48
      55
      45
      54
      49
      50
      51
      61
      51
      56
      58
      51
      63
      60
      56
      63
      47
      47
      47
      47
      39
      53
      57
      51
      44
      54
      44
      51
      60
      33
      49
      53
      52
      60
      51
      41
      49
      56
      58
      50
      54
      59
      56
      54
      50
      32
      51
      52
      59
      57
      59
      62
      46
      45
      38
      61
      45
      53
      32
      45
      58
      38
      58
      49
      44
      53
      50
      48
      42
      34
      55
      63
      41
      54
      39
      42
      53
      44
      49
      49
      46
      54
      54
      44
      38
      44
      51
      49
      56
      53
      38
      42
      50
      48
      65
      48
      37
      66
      49
      43
      38
      44
      61
      35
      46
      57
      39
      49
      44
      36
      43
      43
      48
      45
      55
      60
      57
      42
      57
      52
      53
      48
      43
      47
      49
      51
      45
      39
      48
      50
      48
      37
      57
      47
      40
      50
      51
      55
      44
      47
      45
      43
      44
      47
      40
      38
      42
      46
      29
      39
      39
      36
      49
      42
      46
      39
      48
      51
      49
      47
      40
      43
      55
      46
      46
      34
      33
      54
      46
      47
      38
      50
      56
      48
      38
      46
      53
      46
      53
      45
      38
      41
      36
      36
      36
      38
      54
      23
      40
      54
      47
      42
      42
      47
      41
      47
      49
      43
      40
      41
      37
      22
      44
      45
      47
      40
      50
      40
      39
      44
      32
      43
      31
      48
      38
      37
      33
      39
      38
      34
      35
      36
      30
      36
      39
      41
      42
      32
      40
      42
      39
      36
      40
      34
      32
      31
      39
      37
      37
      28
      43
      33
      34
      42
      27
      28
      35
      51
      28
      25
      35
      27
      29
      20
      25
      35
      28
      35
      34
      36
      30
      23
      33
      42
      33
      40
      39
      28
      38
      29
      35
      39
      30
      33
      33
      26
      28
      27
      31
      41
      33
      51
      95
     246
     441
     541
     491
     314
     187
      60
      33
      29
      28
      19
      25
      34
      29
      16
      25
      23
      22
      20
      28
      23
      21
      35
      27
      22
      37
      30
      29
      32
      26
      18
      20
      22
      21
      23
      22
      29
      19
      26
      12
      17
      18
      21
      23
      25
      19
      13
      33
      23
      18
      34
      22
      28
      22
      30
      17
      24
      23
      20
      20
      22
      23
      15
      21
      25
      18
      19
      22
      27
      24
      25
      15
      22
      21
      22
      24
      14
      19
      28
      19
      19
      28
      32
      21
      24
      26
      24
      19
      26
      27
      18
      33
      14
      18
      18
      20
      16
      26
      21
      26
      15
      21
      20
      23
      24
      16
      26
      16
      20
      21
      21
      25
      14
      28
      26
      21
      22
      18
      21
      18
      31
      23
      22
      20
      16
      21
      19
      18
      19
      21
      20
      17
      16
      19
      17
      23
      22
      15
      22
      18
      22
      24
      20
      15
      25
      16
      18
      20
      17
      23
      19
      17
      22
      17
      23
      14
      22
      16
      24
      19
      21
       9
      23
      18
      21
      24
      15
      22
      19
      22
      31
      29
      37
      34
      35
      34
      22
      25
      22
      16
      22
      16
      21
      26
      18
      20
      21
      18
      18
      19
      24
      24
      21
      14
      22
      21
      21
      24
      23
      18
      21
      25
      21
       8
      24
      15
      12
      21
      19
      15
      23
      24
      27
      17
      16
      20
      20
       9
      20
      14
      15
      16
      23
      14
      21
      16
      17
      18
      18
      19
      21
      21
      19
       8
      20
      21
      19
      15
      20
      23
      20
      15
      13
      20
      25
      18
      21
      21
      19
      22
      19
      12
      14
      12
      30
      19
      11
      23
      22
      14
      23
      17
      16
      12
      18
      14
      19
      17
       9
      20
      23
      25
      18
      17
      15
      19
      17
      20
      25
      13
      17
      18
      16
      12
      22
      33
      22
      22
      26
      15
      21
      27
      18
      13
      13
      15
      19
      15
      15
      22
      19
      13
      17
       9
      16
      18
      21
      13
      14
      17
      20
      16
      13
      18
      19
      18
      12
      20
      16
      18
      16
      14
      26
      11
      16
      17
      20
      22
      23
      23
      59
     142
     332
     571
     951
    1043
    1091
     778
     421
     194
      80
      32
      18
      14
      15
      11
      17
      17
      17
      20
      13
      12
      12
      16
      11
      24
      15
      16
      17
      15
      20
       9
      20
      18
      17
      16
       9
      15
      17
      13
      10
      11
      19
       8
      10
      11
      12
      17
      18
       9
       9
      14
      13
      11
      17
      18
      15
      10
      13
      13
      12
      17
      18
      12
      15
      14
       9
      12
      11
      14
      17
      15
      11
      19
      15
      24
      12
      12
      13
      16
      15
      19
      27
      49
      42
      40
      44
      18
      13
      15
      18
      13
      14
      15
      12
      22
      14
      12
      10
      10
      14
      15
      17
      11
      15
      17
      16
      11
       7
      12
      20
      18
      13
      16
      15
       6
       8
      15
      11
      10
       5
      13
       6
      14
      14
      17
      12
       8
      15
      12
       7
      14
      15
      10
      12
       9
      13
      17
      15
      15
      13
      16
      15
      13
      15
      12
      11
      16
      16
      12
      10
      12
      16
      11
       9
      13
      11
      17
      17
      17
      13
      10
       8
      13
       9
      13
      15
      10
      12
      13
      12
      14
      14
       6
      10
      16
      16
      13
      11
      11
      15
      13
      11
      16
       9
      12
      15
      10
      10
      11
      12
      10
      13
      15
       9
      15
      11
       8
      15
      14
      16
       8
      15
      11
      16
      12
       8
      18
      13
      14
      16
      12
       8
       7
      10
      14
      15
      10
      14
       7
      18
       8
       9
      15
      12
      25
      49
      67
      68
      81
      66
      48
      37
      20
      12
      10
       7
      11
       9
      12
      14
      14
      16
      22
      19
      11
      12
      19
      13
      14
      15
      11
       9
      10
       8
      14
      15
      14
      15
      20
      14
       8
      13
      10
      17
      13
      10
       6
      11
      20
      10
      16
      13
      21
      15
      16
      10
      10
       9
       9
       9
      10
      15
      18
       9
       7
      12
      16
      10
       6
      15
       9
      19
       7
      14
       7
      15
      11
      13
       9
       7
       9
      25
      16
      16
      15
       8
      14
       6
      16
      10
      10
      18
      11
      10
      11
      13
      12
      14
      14
      10
      11
      13
      19
       8
      12
      10
       8
      14
      12
       9
       9
      23
      11
      25
      48
      55
      70
      86
     104
      93
      59
      35
      25
      20
      11
      11
      13
      16
       5
      16
      14
      13
      11
      16
      11
      13
       9
       5
       7
       6
       9
      13
      10
      12
      13
      17
      16
      12
      12
       8
      18
      11
      12
       9
      10
      16
      11
      13
      14
      14
       7
      16
      13
      11
       8
       8
      15
      10
       6
      11
      11
      13
      12
      16
       7
      20
      17
      17
      11
      14
      13
      17
      12
      13
      11
      14
       9
      12
      10
      10
      22
      15
      10
      15
      13
      20
      10
      16
       9
       8
      12
       8
       9
      12
       4
       9
       9
      14
      13
      15
      10
      13
      12
       6
      12
      10
       9
      13
      16
       9
      12
      15
      10
      14
      11
      18
       5
       9
       9
       9
      18
       8
       7
      13
      13
      13
       7
      10
       9
      17
       9
      10
      10
       6
      13
      20
      11
      14
      17
      13
       7
      13
      10
      12
      12
       9
      15
      15
       8
       6
      13
       8
      17
      14
       9
      23
      27
      24
      19
      15
      17
      13
      14
      12
       9
       8
      13
      11
      15
      10
       9
       8
      11
      15
      10
      17
       9
      16
       9
       7
       4
       7
       8
      13
      15
       4
       7
       9
      12
      16
      10
      12
      10
      10
       9
       5
      12
       8
      18
      20
      15
      16
       8
      13
      13
      19
      13
      17
      11
      16
      14
      10
      16
      16
      14
      16
       9
      14
      14
      15
       8
      15
      12
      10
      12
       9
      12
      12
      11
      19
      12
      18
      20
      17
       4
      16
      22
      11
      12
      10
      10
      16
      14
      13
       8
      14
      15
       6
      14
      12
      17
      11
      15
      15
       7
      10
      11
      13
      19
      10
      16
      13
       8
      19
      17
       9
      15
       6
      15
       8
      10
       7
      18
      10
      16
      15
      13
      10
      13
      16
       7
      11
      11
      10
       8
      12
      15
      11
      19
      17
      15
      11
      19
       5
      14
      13
      10
      15
      10
      21
      12
      11
      18
      12
      12
      11
       9
      17
      12
      19
      18
      16
      20
      13
      19
      11
      16
      11
      18
      10
      14
      10
      10
      11
      18
      10
      10
      13
      13
      11
       7
      12
       8
      17
      10
       8
      13
       8
      13
      17
       9
      12
      16
       8
       8
      18
      15
      19
       8
      12
       9
      13
      20
      12
       8
      16
       8
      16
       9
      14
      10
      16
       9
       6
      14
      11
      15
       7
      17
      14
      20
      12
      14
       9
      14
      15
      13
      10
      10
       9
      16
      14
      16
      13
      16
       8
      11
      11
      10
      13
      18
      19
      11
      17
       4
      12
      10
      15
       7
      15
       8
      14
      12
      16
      13
      11
      13
      25
      19
      19
      26
      20
      18
      13
      16
      17
      16
      23
      17
      14
      13
      12
      17
      23
      16
       9
      15
      10
      14
      12
      10
      13
      18
       9
      13
      11
      11
      13
       8
      11
      15
      17
      12
      19
      13
      22
      12
      12
      13
      14
      15
      18
      12
      14
      15
      10
      16
       7
      14
      19
      13
      12
      12
      17
       8
      14
      10
       9
      13
      15
      16
      16
      11
      10
      13
      20
      16
       9
      10
      15
      16
      20
      22
      17
      29
      15
      27
      14
      15
      15
       7
       5
      13
      14
      17
       8
      13
       5
      20
      12
      17
       7
      11
      10
      10
       8
      14
      10
      13
      14
      12
       7
      15
      11
      11
      16
      11
      18
      13
      16
       6
      10
       9
      14
       8
      11
      11
       8
      14
      12
      11
      11
      10
       8
      13
      10
       5
      12
       5
      10
      10
       9
      13
       9
       7
      11
      10
      12
       9
      13
      13
      14
       9
      13
      18
      14
       6
       7
      12
      10
      11
      14
      15
      14
       7
       9
       8
       8
       4
      10
      11
      10
       9
      15
      10
      10
      10
      10
       6
      12
       8
       6
      10
       6
      10
      10
       9
      12
       8
       7
      15
       9
       8
       8
       9
      11
      13
      14
      22
      12
      19
       7
       4
      12
       7
      11
       8
      18
      14
      10
      14
       7
      12
      12
      11
      12
       5
       6
       9
      10
       8
      10
       6
      18
      12
      10
       9
      17
       6
      10
      11
      20
      11
      10
       7
      12
      14
      16
      11
      11
      15
       4
      14
       8
       9
      13
      15
       8
       9
      14
       7
       8
       9
      12
       8
       8
      11
      11
       9
       6
       8
      15
      11
       9
      11
       9
      15
      11
      11
      14
       6
       7
      14
      11
      15
       5
       7
       7
      12
      12
      11
       9
      11
       7
      12
       5
      11
      10
      10
       8
      12
       7
       8
      10
      10
      10
      17
      15
      13
       6
       9
       7
       7
       9
      10
      12
      12
      11
      16
       8
      11
       9
      14
      12
      11
       9
      14
      10
      11
      12
      14
      16
      15
      14
       7
       8
       9
      14
      13
      12
       9
       8
      14
       7
      18
      16
      20
      16
      16
       8
      14
      12
      11
       8
      11
       9
       9
       9
      13
      11
      10
      10
       6
       7
      12
      14
      10
      13
      10
       8
      10
       7
       4
      11
       7
       8
      11
      11
       7
      10
       7
      10
       6
      18
       8
      14
       2
       9
      12
      12
      10
       9
       8
      14
      15
      12
       9
      19
       9
      15
      26
      15
      13
      15
      19
      17
      15
      22
       6
       6
      12
      13
       7
      14
       6
      10
       8
       5
       6
      10
       6
      11
      10
       5
      13
      10
      12
      12
      15
       7
      10
      16
      12
      18
      25
      21
      20
      20
      18
      14
      11
      14
       6
       7
      10
      10
      13
       7
      13
      11
      13
       9
      10
      14
       7
       7
      11
      14
       7
      14
       6
      10
       6
       8
      11
       9
       6
       9
      14
       6
      13
       6
      11
      16
       6
       6
      16
      13
       5
      14
       9
      14
       9
      13
       3
       7
       5
       7
       9
       9
      13
       9
      12
       9
       9
      17
      10
      11
       7
       9
       9
      13
       8
      15
      12
       6
       4
      10
      10
      10
      18
       9
      12
       7
      12
      19
      13
      11
      10
      11
      10
       8
      11
       7
       8
       9
      10
      17
       9
      12
       7
      17
      11
      11
       6
       9
      12
      23
      17
      17
      16
       8
      11
      13
      13
      14
      11
       8
       7
      14
      15
      10
      16
      15
      10
       8
      10
       9
       8
      12
      12
      12
       7
      12
      11
       9
      12
      13
       8
       8
       7
      13
      14
      15
      11
       5
      13
       8
      12
       9
      13
      15
      10
       8
      18
       9
      10
       9
      12
       6
      15
      12
      13
      12
      11
      10
      11
       9
      12
      10
       9
       7
       8
      11
      11
      10
      11
       6
       7
      10
       5
      12
       9
      13
      10
      11
       9
      11
      10
      12
       7
       7
      20
       8
      14
       8
       6
      16
      11
      16
      12
       8
      18
       5
      12
       9
       8
       9
      10
      12
       8
       9
      14
       7
       6
       9
      10
       9
       6
      15
      11
       9
       9
       6
      11
       7
       7
      15
       8
       8
      12
       8
      13
      10
       8
       9
      10
       7
      14
       5
       8
      11
       7
      10
       5
      12
       8
       7
      10
       9
       9
      16
       6
      10
      10
       9
       7
      10
      11
       9
      11
       8
       7
       9
       9
      15
      16
       8
      10
       8
      11
       9
       8
      10
      10
      11
      14
      13
       6
       7
      10
       8
       4
       4
       4
      11
       9
       8
      12
       9
      10
      12
       9
      12
       9
       9
       9
      10
      14
      16
      20
      18
      25
      49
      82
      72
     106
     139
     137
     129
     121
     112
      80
      53
      31
      19
      14
       8
       7
      10
       9
       5
       5
      16
       8
       8
       9
       9
      13
       7
       9
      11
       7
       5
       8
       8
       8
       8
      13
      13
       9
       6
       7
      13
      10
       5
       7
      10
       8
       5
       9
       8
      11
       8
       2
       8
       7
       8
       6
      11
       5
      10
      11
       7
       9
      14
       7
       9
       9
      11
       8
      12
      14
       6
       6
       9
      11
       9
       7
       6
       7
       9
       6
      10
       8
      11
       6
      12
       9
      12
       4
       8
      12
       8
       3
       6
      19
       5
       9
       6
       8
       8
       8
      14
       6
      10
      14
      11
       9
       9
      11
       7
      12
      15
      12
       8
      11
      15
       9
       9
      10
      12
       8
      11
       4
       4
       8
       6
      12
      12
       9
       9
       8
      13
       7
       7
      10
      11
      10
       6
       7
      12
       6
       8
       8
       7
       9
      10
       5
       8
       8
       8
      11
       5
       7
       5
      11
      14
       7
      11
       8
       9
       9
       9
      10
       8
      17
       7
      11
       9
      17
       8
      11
      13
       8
       6
       3
      13
       8
       4
      10
       8
      12
       8
       3
      13
       5
      10
      12
      10
      14
       9
      13
       9
      10
       5
       8
       6
       8
       7
       7
       8
       7
       3
       8
      12
       6
       8
       6
      16
       9
       9
      10
       7
      14
      11
       6
      16
      12
       6
      10
      10
      10
      10
       7
      11
       9
       8
       9
      10
       4
      10
      11
       6
      11
       9
       9
       9
       7
       9
       5
       6
       4
      12
      10
      10
      12
       6
      11
       5
       5
      12
      12
       7
       6
      10
       6
       7
       7
       7
      12
       7
       7
       8
       8
       6
      10
       4
       9
      12
       6
       9
       8
       8
       6
       9
       7
      10
       7
      15
      12
      12
       8
       7
      11
       7
       8
       9
       9
       5
       7
       9
      12
      13
       7
      10
      10
      14
      11
      22
      20
      25
      39
      34
      32
      50
      40
      34
      40
      25
      12
      11
      13
      17
      10
       5
       7
       8
       7
      12
      12
       5
       5
      14
      10
       4
      11
      11
       5
       8
      10
       8
      13
       1
      13
       4
       8
      13
      13
       7
       6
      10
      12
       9
      10
       9
       2
       9
      14
       7
       8
       5
      13
       9
       7
       7
       5
      10
      11
      10
       9
       6
       5
       8
       6
      12
       7
      14
       7
       8
      11
       5
      14
      11
       5
       5
       6
      10
      10
      11
       5
       9
      10
       6
       6
       8
       6
       8
       3
       9
       9
       4
       7
       5
      12
       8
       6
      11
       5
      11
      11
      10
      11
       9
      10
       4
       9
       9
      15
       4
       7
       7
       7
       6
       8
       6
       9
       8
       8
      10
       7
       9
       5
       8
       7
       5
       9
       8
       4
       8
       3
      10
       6
       5
       6
       4
      11
       8
      11
       8
       6
       8
       8
       3
      12
       7
       5
       3
       6
       8
       8
      12
       8
       8
       8
       7
       5
       6
       3
       6
       4
       6
       2
       5
      10
       6
       4
       6
      15
       6
       0
       7
       5
       7
       9
       8
       9
       3
       6
       6
      10
       9
      10
       6
       7
       6
       5
      11
       8
       0
       6
      10
       2
       7
       5
       9
       5
       4
       8
       7
       6
       5
       8
       8
       9
       8
       6
      11
       4
      10
      11
       3
      10
       3
       2
       4
       2
       7
       9
       6
       6
       6
       2
       8
       4
       4
       5
       5
       2
       3
       1
       6
       5
       5
       3
      10
       5
       4
       3
       5
       4
       7
       6
       9
       5
       4
       4
       7
       6
       4
       1
       3
       5
       3
       7
       6
      12
       5
       3
       3
       4
       8
       4
       4
       6
       9
       4
       7
       5
       4
       6
       0
       7
       9
       4
       8
       5
       5
       7
       6
       5
       5
       7
       8
       5
       6
       5
       8
       5
       4
       6
       7
       7
       8
       5
      13
       3
       2
       6
       7
       3
       2
       8
       5
       6
       6
       5
       4
       5
       5
       7
       7
       6
       6
      10
       6
       5
      11
      12
      20
      13
      30
      47
      56
      74
     106
      91
     107
     113
      99
     103
      86
      66
      60
      29
      18
       4
       3
       5
       4
       3
       4
       6
       5
       5
       4
       6
       8
       2
       2
       7
       3
       1
       5
       6
       2
       2
       3
       5
       4
       2
       3
       4
       1
       4
       2
       2
       1
       5
       4
       2
       5
       3
       3
       3
       9
       8
       5
       2
       7
       2
       3
       7
       6
       5
       2
       8
       5
       5
       3
       8
       7
       4
       5
       4
       2
       5
       4
       5
       3
       8
       9
       1
       3
       4
       5
       3
       3
       2
       7
       5
       7
       6
       3
       2
       3
       4
       2
       5
       5
       3
       6
       6
       4
       3
       3
       2
       3
       5
       2
       2
       5
       6
       6
       5
       7
       2
       2
      10
       8
       4
       7
       3
       7
       2
       6
       4
       4
       7
       3
       3
       3
       7
       6
       6
       3
       3
       4
       3
       1
       6
       8
      11
       6
      10
      16
      12
       7
       4
       8
       6
      10
       8
       5
       5
       2
       3
       3
       3
       3
       3
       6
       2
       9
       5
       2
       5
       3
       4
       4
       1
       5
       1
       7
       3
       5
       2
       6
       5
       1
       1
       3
       4
       2
       2
       1
       5
       0
       2
       5
       3
       1
       5
       8
       6
       7
       4
       3
       5
       3
       2
       2
       0
       4
       4
       5
       5
       1
       3
       2
       3
       2
       2
       3
       1
       3
       7
       2
       6
       5
       3
       4
       3
       6
       3
       5
       5
       5
       6
       3
       5
       8
       2
       3
       8
       5
       5
       3
       4
       5
       6
       5
       2
       3
       5
       1
       6
       2
       4
       3
       3
       6
       2
       8
       5
       4
       3
       4
       2
       6
       2
       3
       7
       1
       0
       2
       5
       4
       4
       5
       5
       4
       7
       4
       2
       7
       4
       4
       4
       2
       1
       6
       2
       4
       5
       5
       3
       3
       4
       4
       4
       1
       3
       9
       7
       0
       5
       8
       5
       4
       5
       3
       1
       1
       3
       2
       5
       2
       5
       8
       4
       3
       2
       2
      14
       6
       4
       5
       2
       2
       1
       2
       5
       4
       8
       2
       6
       3
       3
       3
       7
       5
       4
       4
       2
       7
       7
       7
       3
       7
       5
       1
       3
       2
       3
       4
       0
       2
       2
       3
       3
       3
       2
       2
       6
       1
       2
       9
       5
       4
       5
       1
       1
       5
       3
       6
       1
       4
       3
       0
       4
       4
       5
       2
       6
       8
       7
       4
       3
       7
       4
       5
       4
       4
       3
       2
       2
       7
       2
       1
       4
       3
       3
       3
       1
       4
       7
       3
       9
       4
       3
       3
       8
       3
       5
       6
       7
      13
      16
      29
      51
      41
      50
      62
      54
      70
      69
      64
      51
      46
      40
      34
      24
      13
       9
      16
      15
      16
      10
      14
      13
      11
       6
       8
       9
       5
       0
       3
       2
       5
       2
       3
       3
       1
       6
       7
       2
       2
       4
       4
       3
      10
       1
       2
       1
       4
       3
       3
       5
       2
       6
       4
       3
       3
       3
       4
       0
       3
       4
       0
       0
       4
       3
       5
       3
       5
       3
       4
       2
       4
       4
       5
       2
       3
      10
       4
       6
       5
       5
       8
      11
      10
       9
      12
      17
      18
      26
      43
      51
      61
      65
      70
      78
      74
      72
      72
      71
      36
      48
      33
      18
      10
       9
       2
       7
       2
       5
       5
       6
       3
       3
       4
       3
       6
       3
       2
       4
       8
       0
       7
       2
       8
       4
       4
       1
       4
       4
       4
       2
       4
       4
       5
       1
       4
       2
       4
       5
       3
       0
       5
       2
       6
       2
       4
       5
       8
       3
       7
       1
       3
       2
       4
       7
       3
       1
       5
       3
       2
       2
       5
       3
       6
       6
       4
       5
       6
       4
       5
       3
       5
       3
       3
       5
       1
       2
       1
       7
       6
       4
       3
       5
       4
       4
       1
       1
       5
       3
       9
       4
       5
       4
       2
       1
       3
       5
       3
       6
       5
       3
       3
       4
       4
       1
       2
       2
       6
       7
       2
       1
       7
       5
       6
       5
       1
       5
       5
       7
       6
       8
       7
       5
       2
       6
       0
       4
       5
       6
       3
       4
       7
       3
       4
       3
       8
       4
       6
       7
       3
       4
       4
       3
       5
       3
       4
      10
       4
       1
       3
       5
       2
       0
       5
       6
       6
       5
       3
       0
       5
       5
       1
       5
       7
       5
       3
       7
       5
       3
       5
       6
       4
       3
       8
       3
       8
       5
      10
       2
       4
       6
       4
       3
       3
       3
       1
       5
       4
       3
       5
       4
       4
       8
       2
       4
       3
       7
       4
       2
       8
       2
       3
       9
       4
       3
       3
       5
       7
       4
       2
       4
       0
       2
       5
       5
       1
       1
       3
       4
       3
       4
       2
       4
       7
       4
       3
       6
       5
       1
       7
       0
       3
       5
       6
       2
       5
       2
       3
       3
       6
       9
       5
       6
       4
       4
       4
       8
       4
       3
       4
       3
       1
       3
       5
       2
       6
       5
       2
       5
       6
       2
       2
       5
       2
       3
       3
       6
       0
       3
       2
       2
       5
       1
       2
       2
       4
       3
       1
       4
       2
       2
       2
       5
       3
       3
       1
       5
       3
       6
       2
       4
       1
       2
       2
       2
       3
       3
       1
       2
       2
       1
       5
       3
       4
       2
       2
       4
       3
       2
       5
       4
       2
       6
       5
       4
       2
       4
       2
       3
       4
       4
       3
       2
       2
       3
       5
       2
       4
       8
      10
       9
      11
       9
       5
      10
       6
       7
       2
       6
       2
       4
       1
       4
       1
       0
       4
       4
       2
       2
       2
       4
       5
       6
       4
       5
       5
       2
       0
       1
       3
       0
       6
       2
       1
       4
       1
       1
       2
       2
       7
       1
       1
       3
       2
       1
       1
       1
       4
       6
       2
       1
       2
       1
       4
       2
       3
       3
       2
       0
       2
       5
       1
       4
       4
       3
       6
       3
       2
       7
       2
       1
       0
       5
       5
       3
       2
       4
       2
       3
       4
       3
       5
       1
       2
       1
       4
       1
       5
       7
       2
       5
       4
       0
       3
       0
       1
       1
       0
       2
       1
       1
       2
       3
       1
       1
       3
       2
       2
       3
       1
       2
       0
       1
       2
       3
       0
       0
       4
       3
       2
       1
       6
       1
       3
       4
       3
       4
       3
       4
       4
       3
       2
       1
       0
       2
       1
       2
       1
       0
       3
       2
       2
       1
       2
       2
       1
       2
       2
       5
       2
       1
       1
       2
       2
       1
       2
       3
       2
       2
       3
       0
       3
       2
       1
       2
       1
       4
       1
       1
       1
       0
       2
       0
       3
       0
       0
       3
       2
       1
       5
       1
       0
       1
       1
       1
       2
       5
       1
       2
       3
       0
       2
       5
       2
       4
       3
       1
       2
       4
       0
       1
       3
       3
       2
       3
       6
       2
       3
       2
       3
       2
       3
       2
       1
       3
       0
       2
       2
       1
       1
       1
       0
       3
       0
       2
       2
       2
       3
       2
       6
       2
       0
       0
       1
       0
       2
       0
       0
       2
       1
       0
       1
       1
       0
       3
       0
       2
       4
       0
       3
       0
       1
       2
       2
       0
       2
       0
       1
       1
       0
       0
       2
       2
       4
       2
       1
       1
       1
       4
       1
       1
       2
       2
       1
       2
       2
       1
       1
       1
       1
       0
       1
       1
       0
       4
       7
       6
      10
      10
       7
      12
       7
       8
       7
       8
       8
       5
       3
       1
       5
       0
       0
       0
       2
       0
       1
       0
       1
       0
       1
       1
       1
       1
       0
       0
       0
       2
       0
       3
       1
       0
       0
       0
       0
       2
       2
       1
       0
       2
       0
       0
       1
       0
       0
       0
       0
       0
       0
       0
       0
       0
       3
       0
       2
       0
       1
       0
       0
       1
       0
       0
       0
       3
       1
       1
       0
       0
       0
       4
       1
       0
       1
       1
       0
       0
       2
       1
       0
       2
       2
       1
       1
       1
       0
       0
       3
       1
       1
       1
       2
       0
       1
       0
       0
       1
       1
       2
       0
       1
       0
       2
       1
       1
       2
       1
       0
       2
       1
       0
       0
       0
       1
       0
       0
       1
       2
       1
       1
       2
       0
       1
       1
       0
       3
       0
       0
       0
       1
       2
       3
       0
       1
       1
       0
       1
       0
       1
       1
       4
       1
       0
       1
       0
       0
       0
       1
       1
       0
       0
       0
       2
       1
       0
       1
       0
       2
       0
       0
       1
       0
       0
       0
       0
       1
       1
       1
       2
       0
       0
       0
       1
       0
       0
       0
       3
       1
       0
       0
       0
       0
       1
       0
       0
       0
       1
       2
       0
       2
       2
       0
       1
       0
       1
       0
       2
       1
       1
       2
       0
       1
       0
       1
       1
       0
       1
       2
       1
       0
       0
       0
       1
       1
       0
       0
       0
       1
       0
       1
       1
       0
       0
       0
       0
       0
       1
       0
       0
       0
       0
       0
       0
       0
       2
       0
       0
       0
       0
       3
       2
       1
       0
       2
       1
       0
       0
       0
       1
       0
       0
       0
       1
       0
       0
       0
       2
       0
       0
       0
       0
       0
       1
       0
       1
       1
       1
       0
       1
       0
       0
       1
       0
       0
       0
       0
       1
       0
       0
       0
       1
       0
       0
       1
       1
       1
       1
       2
       0
       0
       0
       0
       0
       1
       1
       1
       0
       1
       0
       0
       0
       0
       0
       1
       0
       1
       0
       0
       0
       0
       1
       0
       0
       2
       0
       1
       1
       0
       1
       1
       1
       0
       1
       0
       0
       1
       2
       0
       1
       0
       0
       1
       0
       0
       0
       0
       0
       0
       1
       3
       1
       2
       1
       3
       3
       3
       0
       2
       2
       3
       3
       5
       2
       3
      13
       9
       6
      16
      17
      14
      46
      35
      53
      68
      71
      59
      72
      76
      84
      62
      74
      65
      57
      42
      33
      38
      10
      13
       6
       2
       1
       1
       0
       1
       0
       2
       0
       1
       0
       0
       0
       0
       0
       1
       2
       0
       0
       0
       1
       0
       0
       1
       0
       0
       0
       0
       1
       0
       0
       0
       0
       0
       0
       0
       0
       0
       0
       0
       0
       0
       2
       1
       0
       0
       0
       0
       0
       0
       0
       0
       0
       0
       0
       0
       0
       1
       1
       0
       0
       0
       0
       0
       0
       1
       0
       0
       0
       0
       2
       0
       0
       0
       0
       0
       0
       0
       0
       0
       0
       0
       0
       0
       0
       0
       0
       0
       0
       0
       0
       0
       0
       0
       0
       0
       0
       0
       0
       1
       0
       0
       1
       0
       0
       0
       0
       0
       1
       1
       0
       1
       0
       0
       0
       1
       0
       0
       0
       0
       0
       0
       0
       0
       1
       0
       1
       0
       1
       1
       0
       0
       0
       0
       0
       0
       0
       0
       0
       0
       0
       0
       0
       0
       0
       1
       1
       0
       0
       0
       0
       3
       1
       4
       1
       1
       3
       2
       4
       3
       6
       1
       2
       5
       5
       3
       4
       0
       7
       6
       4
       3
       4
       2
       1
       1
       1
       0
       0
       1
       0
       0
       0
       1
       0
       0
       1
       0
       0
       0
       0
       0
       0
       0
       0
       0
       0
       0
       1
       0
       1
       0
       0
       0
       0
       0
       0
       0
       0
       0
       0
       0
       1
       0
       0
       0
       1
       0
       0
       1
       0
       0
       2
       0
       0
       0
       0
       0
       1
       0
       0
       0
       0
       0
       0
       0
       0
       0
       1
       0
       0
       0
       1
       0
       0
       1
       0
       0
       0
       0
       0
       0
       0
       0
       0
       1
       0
       1
       1
       0
       0
       1
       1
       0
       0
       0
       0
       0
       1
       0
       0
       0
       0
       0
       0
       1
       0
       0
       1
       0
       0
       0
       0
       0
       0
       2
       1
       0
       0
       0
       0
       0
       1
       0
       1
       0
       0
       0
       0
       1
       0
       0
       0
       1
       0
       0
       0
       0
       0
       0
       0
       0
       0
       0
       1
       0
       0
       0
       0
       1
       0
       0
       1
       0
       0
       0
       0
       0
       0
       1
       0
       0
       0
       1
       0
       0
       0
       0
       0
       0
       0
       1
       0
       0
       0
       0
       0
       0
       0
       1
       0
       0
       0
       0
       0
       1
       0
       0
       0
       1
       0
       0
       1
       0
       0
       0
       0
       0
       0
       1
       0
       0
       0
       0
       0
       0
       0
       1
       0
       1
       0
       0
       0
       3
       1
       0
       0
       0
       2
       0
       0
       1
       3
       0
       2
       0
       0
       0
       1
       0
       1
       0
       0
       0
       0
       0
       0
       0
       0
       0
       0
       1
       0
       0
       0
       0
       0
       0
       0
       1
       0
       0
       0
       0
       1
       1
       0
       0
       1
       0
       2
       0
       1
       0
       1
       0
       0
       0
       0
       0
       1
       0
       0
       0
       0
       0
       0
       0
       0
       0
       1
       0
       0
       0
       0
       0
       0
       1
       1
       2
       1
       0
       1
       0
       0
       0
       0
       1
       0
       1
       0
       0
       0
       0
       0
       0
       0
       0
       1
       0
       0
       0
       0
       1
       0
       0
       0
       0
       1
       0
       0
       0
       1
       0
       0
       1
       0
       1
       0
       0
       0
       1
       0
       0
       0
       0
       0
       0
       1
       0
       0
       0
       0
       1
       0
       0
       1
       1
       0
       0
       0
       0
       0
       0
       0
       0
       0
       1
       0
       0
       0
       0
       0
       1
       0
       0
       1
       0
       0
       0
       0
       0
       0
       1
       0
       0
       0
       0
       0
       0
       0
       0
       0
       0
       0
       1
       1
       1
       0
       0
       0
       1
       0
       0
       0
       0
       0
       0
       1
       1
       1
       0
       0
       0
       1
       0
       0
       0
       0
       0
       0
       0
       0
       1
       0
       2
       0
       0
       0
       0
       0
       0
       0
       0
       0
       0
       0
       0
       0
       1
       0
       0
       0
       0
       0
       1
       0
       0
       0
       1
       1
       0
       0
       1
       0
       1
       0
       0
       1
       0
       0
       1
       0
       0
       0
       1
       0
       0
       0
       0
       0
       0
       1
       0
       0
       1
       0
       0
       0
       0
       0
       0
       0
       0
       0
       0
       1
       0
       0
       0
       0
       1
       0
       0
       1
       0
       1
       0
       0
       1
       0
       0
       1
       0
       0
       0
       0
       0
       0
       0
       0
       0
       1
       0
       0
       1
       0
       0
       0
       0
       0
       0
       0
       0
       0
       0
       0
       0
       0
       0
       0
       0
       0
       2
       1
       0
       0
       0
       0
       0
       0
       0
       0
       0
       0
       0
       0
       0
       0
       0
       0
       0
       0
       0
       0
       0
       0
       0
       0
       0
       1
       0
       0
       0
       0
       0
       0
       0
       0
       0
       0
       0
       0
       0
       0
       0
       0
       0
       0
       0
       0
       0
       1
       0
       1
       0
       0
       0
       0
       0
       0
       1
       0
       0
       0
       0
       0
       0
       1
       0
       0
       0
       1
       0
       0
       0
       0
       0
       0
       0
       0
       0
       0
       0
       0
       1
       0
       0
       0
       0
       0
       0
       0
       0
       1
       0
       0
       0
       0
       0
       1
       0
       1
       0
       0
       0
       0
       0
       0
       0
       0
       0
       0
       0
       0
       0
       0
       0
       0
       0
       0
       0
       0
       0
       0
       0
       0
       0
       0
       0
       1
       0
       0
       1
       0
       0
       0
       0
       0
       2
       0
       0
       1
       0
       0
       1
       0
       1
       0
       0
       0
       0
       0
       0
       0
       0
       0
       0
       0
       0
       0
       0
       0
       0
       0
       0
       0
       0
       1
       0
       0
       1
       0
       0
       0
       0
       0
       0
       0
       0
       0
       0
       0
       0
       0
       0
       0
       0
       0
       0
       1
       0
       0
       0
       0
       0
       0
       0
       0
       0
       1
       0
       0
       0
       0
       0
       1
       0
       0
       0
       0
       0
       0
       1
       0
       0
       0
       0
       0
       0
       0
       0
       0
       0
       1
       0
       0
       1
       0
       0
       0
       0
       0
       0
       0
       0
       0
       0
       0
       0
       0
       0
       0
       0
       0
       0
       2
       1
       0
       0
       0
       0
       0
       0
       0
       0
       0
       1
       0
       0
       1
       0
       0
       0
       0
       0
       0
       0
       0
       0
       0
       0
       0
       0
       0
       0
       0
       0
       0
       0
       0
       0
       0
       0
       0
       0
       0
       0
       0
       0
       0
       0
       0
       0
       0
       0
       0
       0
       0
       0
       0
       0
       0
       0
       0
       1
       0
       0
       0
       0
       0
       0
       0
       0
       0
       0
       0
       0
       0
       0
       0
       0
       0
       0
       0
       0
       0
       0
       0
       1
       0
       0
       0
       0
       0
       0
       0
       0
       0
       0
       0
       0
       0
       0
       0
       0
       0
       0
       0
       0
       0
       1
       0
       0
       0
       0
       0
       0
       0
       1
       0
       0
       0
       0
       0
       0
       0
       0
       0
       0
       0
       0
       0
       0
       0
       0
       0
       0
       0
       1
       0
       0
       0
       1
       0
       0
       0
       0
       0
       0
       0
       0
       0
       0
       0
       0
       0
       0
       0
       0
       0
       0
       0
       0
       0
       0
       0
       0
       0
       0
       0
       1
       0
       0
       0
       0
       0
       0
       0
       0
       0
       0
       0
       0
       0
       0
       0
       1
       0
       0
       0
       0
       0
       0
       0
       0
       0
       0
       0
       0
       0
       0
       0
       0
       0
       0
       0
       0
       0
       0
       0
       0
       0
       0
       1
       0
       0
       0
       1
       0
       0
       0
       1
       0
       0
       0
       0
       0
       0
       1
       0
       0
       0
       0
       1
       0
       0
       0
       1
       1
       0
       0
       0
       0
       0
       0
       1
       2
       0
       0
       1
       0
       0
       0
       0
       2
       0
       0
       3
       1
       0
       1
       1
       0
       0
       0
       0
       0
       0
       0
       1
       0
       0
       0
       0
       0
       0
       0
       0
       0
       0
       0
       0
       0
       0
       0
       0
       0
       2
       0
       0
       1
       0
       0
       2
       0
       0
       1
       1
       0
       0
       0
       0
       1
       0
       0
       0
       0
       0
       0
       0
       0
       0
       0
       0
       0
       0
       0
       0
       0
       0
       0
       0
       0
       0
       0
       0
       0
       0
       0
       0
       0
       0
       0
       0
       0
       0
       0
       0
       0
       0
       0
       0
       0
       0
       0
       0
       0
       0
       0
       0
       0
       0
       0
       0
       0
       0
       0
       0
       0
       0
       0
       0
       0
       0
       0
       0
       0
       0
       0
       0
       1
       0
       0
       0
       0
       0
       0
       0
       0
       0
       0
       0
       0
       0
       0
       1
       0
       0
       0
       1
       0
       0
       1
       0
       1
       0
       1
       0
       0
       1
       0
       0
       1
       0
       0
       0
       0
       0
       0
       0
       0
       0
       0
       0
       0
       0
       0
       0
       0
       0
       0
       0
       0
       0
       0
       0
       0
       0
       0
       0
       0
       0
       0
       0
       0
       1
       1
       0
       0
       0
       0
       0
       0
       1
       0
       0
       0
       0
       0
       0
       0
       0
       0
       0
       0
       0
       0
       0
       0
       0
       0
       0
       1
       0
       0
       0
       0
       0
       0
       0
       1
       0
       1
       1
       0
       1
       1
       0
       0
       0
       1
       0
       0
       0
       0
       0
       0
       0
       0
       0
       0
       0
       0
       0
       0
       1
       2
       0
       0
       0
       0
       0
       0
       0
       0
       0
       0
       0
       0
       1
       0
       0
       0
       1
       0
       0
       0
       0
       1
       0
       0
       0
       0
       0
       0
       0
       0
       0
       0
       1
       1
       0
       0
       0
       0
       0
       0
       0
       0
       0
       0
       0
       0
       0
       0
       0
       0
       0
       0
       0
       0
       0
       0
       0
       0
       0
       0
       1
       0
       0
       0
       0
       0
       0
       0
       0
       0
       0
       0
       0
       0
       0
       0
       0
       0
       0
       0
       0
       0
       0
       0
       0
       0
       0
       0
       0
       0
       0
       0
       0
       0
       0
       0
       0
       0
       0
       0
       0
       0
       0
       0
       0
       0
       0
       1
       0
       0
       0
       0
       0
       0
       0
       0
       0
       0
       0
       0
       0
       0
       0
       0
       0
       0
       0
       0
       0
       0
       0
       0
       0
       1
       0
       0
       0
       0
       0
       0
       0
       0
       0
       0
       0
       0
       0
       0
       0
       1
       0
       0
       1
       0
       1
       0
       0
       0
       0
       0
       0
       0
       0
       0
       0
       0
       0
       0
       0
       1
       0
       2
       0
       0
       0
       0
       0
       0
       0
       0
       1
       1
       0
       0
       0
       0
       0
       0
       0
       1
       0
       0
       1
       0
       0
       0
       0
       0
       1
       0
       0
       1
       0
       0
       0
       0
       0
       0
       0
       0
       0
       1
       0
       0
       0
       0
       0
       0
       0
       0
       0
       0
       1
       0
       0
       0
       0
       0
       0
       0
       0
       1
       0
       0
       0
       0
       0
       0
       0
       1
       0
       0
       0
       0
       0
       1
       0
       0
       0
       0
       0
       0
       0
       0
       1
       0
       0
       0
       0
       0
       1
       0
       0
       0
       0
       0
       0
       0
       0
       0
       0
       0
       0
       0
       0
       0
       0
       0
       0
       0
       0
       0
       0
       0
       0
       0
       1
       0
       0
       0
       0
       0
       2
       0
       0
       0
       0
       0
       0
       0
       0
       0
       0
       1
       0
       0
       0
       1
       0
       0
       0
       0
       0
       0
       0
       0
       0
       0
       0
       0
       0
       0
       0
       0
       0
       0
       1
       0
       0
       0
       0
       0
       0
       0
       0
       0
       0
       1
       0
       0
       0
       1
       0
       0
       0
       0
       0
       0
       0
       0
       0
       0
       0
       0
       0
       0
       0
       0
       0
       0
       0
       0
       0
       1
       0
       0
       0
       0
       0
       0
       0
       0
       0
       0
       0
       0
       0
       0
       0
       0
       0
       0
       0
       0
       0
       0
       1
       0
       0
       0
       0
       0
       0
       1
       0
       0
       0
       0
       0
       0
       0
       0
       0
       0
       0
       0
       0
       0
       0
       0
       0
       0
       0
       0
       0
       0
       0
       0
       0
       0
       0
       0
       0
       0
       1
       0
       0
       0
       0
       0
       1
       0
       1
       0
       0
       0
       0
       0
       0
       0
       0
       0
       0
       0
       0
       0
       0
       0
       1
       0
       0
       0
       0
       0
       1
       0
       0
       0
       0
       0
       0
       0
       0
       0
       0
       0
       0
       0
       1
       0
       0
       0
       0
       0
       0
       0
       0
       0
       0
       0
       0
       0
       0
       0
       0
       0
       0
       0
       0
       0
       0
       0
       2
       0
       0
       0
       0
       0
       0
       0
       1
       0
       0
       0
       0
       0
       0
       0
       0
       0
       0
       0
       0
       0
       0
       0
       0
       0
       0
       0
       0
       0
       0
       0
       0
       0
       0
       0
       0
       1
       0
       0
       0
       0
       0
       0
       0
       0
       0
       0
       0
       0
       0
       0
       0
       0
       0
       0
       0
       0
       0
       0
       0
       0
       0
       0
       0
       0
       0
       0
       0
       0
       0
       0
       1
       0
       0
       0
       0
       0
       1
       0
       0
       0
       0
       0
       0
       0
       0
       0
       0
       0
       0
       0
       0
       0
       0
       1
       0
       0
       0
       0
       0
       0
       0
       0
       0
       0
       0
       0
       1
       0
       0
       0
       0
       0
       0
       0
       0
       1
       0
       0
       0
       0
       0
       0
       0
       0
       0
       0
       0
       1
       0
       0
       0
       0
       0
       0
       0
       1
       0
       0
       0
       0
       0
       0
       0
       0
       0
       0
       0
       0
       0
       0
       0
       0
       0
       0
       1
       0
       0
       0
       0
       0
       0
       0
       1
       0
       0
       0
       0
       0
       0
       0
       0
       0
       0
       0
       0
       0
       0
       0
       0
       0
       0
       0
       0
       0
       0
       0
       1
       0
       0
       0
       0
       0
       0
       1
       0
       0
       0
       0
       0
       0
       0
       0
       0
       0
       0
       0
       0
       0
       1
       0
       0
       0
       0
       0
       0
       0
       0
       0
       0
       0
       0
       0
       0
       0
       0
       0
       0
       0
       0
       0
       0
       0
       0
       0
       0
       0
       0
       0
       0
       0
       0
       0
       0
       0
       0
       0
       0
       0
       0
       1
       0
       0
       0
       0
       0
       0
       0
       0
       0
       0
       0
       0
       0
       0
       0
       0
       0
       0
       0
       0
       1
       0
       0
       0
       0
       0
       0
       0
       0
       0
       0
       0
       0
       1
       0
       1
       0
       0
       0
       0
       0
       0
       0
       1
       1
       0
       0
       0
       0
       0
       0
       0
       0
       0
       0
       1
       0
       0
       0
       0
       0
       0
       0
       0
       0
       0
       0
       0
       0
       0
       0
       0
       0
       0
       0
       0
       0
       0
       1
       0
       0
       0
       0
       0
       1
       0
       0
       0
       0
       0
       0
       0
       0
       0
       0
       1
       0
       0
       0
       0
       0
       0
       0
       1
       0
       0
       0
       0
       0
       0
       0
       0
       0
       0
       0
       0
       0
       0
       0
       0
       0
       0
       0
       0
       0
       0
       1
       0
       0
       0
       0
       0
       0
       0
       0
       0
       0
       0
       0
       0
       0
       0
       0
       0
       0
       0
       0
       0
       0
       1
       0
       0
       0
       0
       0
       0
       0
       0
       1
       0
       0
       0
       0
       1
       0
       0
       0
       0
       0
       1
       0
       0
       0
       0
       0
       0
       0
       0
       0
       0
       0
       0
       0
       0
       0
       0
       0
       0
       0
       0
       1
       0
       0
       0
       0
       0
       0
       0
       0
       1
       0
       1
       0
       0
       0
       0
       0
       0
       0
       0
       0
       0
       0
       0
       0
       0
       0
       0
       0
       0
       1
       0
       0
       0
       0
       0
       0
       0
       0
       0
       0
       0
       0
       0
       0
       0
       0
       0
       0
       0
       1
       0
       0
       0
       0
       0
       0
       0
       0
       0
       1
       0
       0
       0
       1
       0
       0
       0
       0
       0
       0
       0
       0
       0
       0
       0
       0
       0
       0
       0
       0
       0
       0
       0
       0
       0
       0
       1
       0
       0
       0
       0
       0
       0
       0
       0
       0
       1
       0
       0
       0
       0
       0
       0
       0
       1
       0
       0
       0
       0
       0
       0
       0
       0
       0
       1
       0
       0
       0
       0
       0
       0
       1
       0
       0
       0
       1
       0
       0
       0
       0
       0
       0
       0
       0
       0
       0
       0
       0
       1
       0
       0
       0
       0
       0
       0
       0
       0
       0
       0
       0
       0
       0
       0
       0
       0
       0
       0
       0
       0
       0
       0
       0
       0
       0
       0
       1
       0
       0
       0
       0
       0
       0
       0
       0
       0
       0
       0
       0
       0
       0
       0
       0
       1
       0
       0
       0
       0
       0
       0
       0
       0
       0
       0
       0
       0
       0
       0
       0
       0
       0
       0
       0
       0
       0
       0
       0
       0
       0
       0
       0
       0
       0
       1
       0
       1
       0
       0
       0
       0
       0
       0
       0
       0
       1
       0
       0
       0
       0
       0
       0
       0
       0
       0
       0
       0
       0
       0
       0
       0
       0
       0
       0
       0
       0
       0
       0
       0
       0
       0
       2
       0
       1
       0
       0
       0
       0
       0
       0
       0
       0
       0
       1
       0
       0
       0
       0
       0
       0
       0
       0
       0
       0
       0
       0
       0
       0
       0
       0
       0
       0
       0
       0
       0
       0
       1
       0
       0
       0
       1
       0
       0
       0
       0
       1
       0
       0
       1
       0
       0
       0
       0
       0
       0
       0
       0
       0
       0
       0
       0
       0
       1
       0
       0
       0
       0
       0
       0
       0
       0
       0
       0
       1
       0
       0
       0
       0
       0
       1
       0
       0
       0
       0
       0
       0
       0
       0
       0
       0
       0
       0
       0
       0
       0
       0
       0
       0
       0
       0
       1
       0
       0
       0
       0
       0
       0
       0
       0
       0
       0
       0
       1
       0
       0
       0
       1
       1
       0
       0
       0
       0
       0
       1
       1
       0
       0
       0
       1
       0
       0
       0
       0
       0
       0
       0
       0
       0
       0
       1
       0
       0
       0
       0
       0
       0
       0
       0
       0
       1
       0
       0
       0
       0
       0
       0
       0
       0
       0
       0
       0
       0
       0
       0
       0
       0
       1
       1
       0
       0
       0
       0
       0
       0
       0
       0
       0
       0
       0
       0
       0
       0
       0
       0
       0
       1
       1
       0
       0
       0
       0
       0
       0
       0
       0
       0
       0
       1
       0
       0
       0
       1
       1
       0
       0
       0
       0
       1
       0
       0
       0
       0
       0
       0
       0
       0
       0
       1
       0
       0
       0
       0
       0
       0
       0
       0
       0
       0
       0
       0
       0
       0
       0
       0
       0
       0
       0
       0
       0
       0
       0
       0
       0
       0
       0
       0
       0
       0
       0
       0
       0
       0
       0
       0
       0
       0
       0
       0
       0
       0
       0
       0
       0
       0
       1
       0
       0
       0
       0
       0
       0
       0
       0
       0
       0
       0
       0
       0
       0
       0
       1
       0
       0
       1
       0
       0
       0
       0
       0
       0
       0
       0
       1
       0
       0
       1
       0
       0
       0
       1
       1
       0
       0
       0
       0
       0
       0
       0
       0
       0
       0
       0
       0
       0
       0
       0
       0
       0
       0
       0
       0
       1
       0
       1
       0
       0
       0
       0
       0
       0
       0
       0
       0
       0
       0
       0
       0
       1
       0
       0
       0
       0
       0
       2
       0
       0
       0
       0
       0
       0
       0
       0
       0
       0
       0
       0
       0
       0
       0
       0
       0
       0
       0
       0
       0
       0
       0
       0
       0
       0
       0
       0
       0
       0
       0
       0
       0
       0
       0
       0
       0
       0
       0
       0
       0
       0
       0
       0
       0
       0
       0
       0
       0
       0
       0
       0
       0
       0
       0
       0
       0
       0
       0
       0
       0
       0
       0
       0
       0
       0
       0
       0
       0
       0
       0
       0
       0
       0
       0
       0
       0
       0
       0
       0
       0
       0
       0
       0
       0
       0
       0
       0
       0
       0
       0
       0
       0
       0
       0
       0
       0
       0
       0
       0
       0
       0
       0
       0
       0
       0
       0
       0
       0
       0
       0
       0
       0
       0
       1
       0
       0
       0
       0
       0
       0
       0
       0
       1
       0
       0
       0
       0
       0
       0
       0
       0
       0
       0
       0
       0
       0
       0
       0
       0
       0
       0
       0
       0
       0
       0
       0
       1
       0
       0
       1
       0
       0
       0
       0
       0
       0
       0
       0
       0
       0
       0
       1
       0
       0
       0
       0
       0
       0
       0
       0
       0
       0
       0
       0
       0
       0
       0
       0
       0
       0
       0
       0
       0
       0
       0
       0
       0
       0
       0
       0
       0
       0
       0
       0
       0
       0
       0
       0
       0
       0
       0
       0
       0
       0
       1
       0
       0
       0
       0
       0
       1
       0
       0
       0
       1
       0
       0
       0
       0
       0
       0
       0
       0
       0
       0
       1
       0
       0
       0
       0
       0
       0
       1
       0
       0
       0
       0
       0
       0
       0
       0
       0
       0
       0
       0
       0
       0
       1
       0
       0
       0
       0
       0
       0
       0
       0
       0
       1
       0
       0
       0
       0
       1
       0
       0
       0
       0
       0
       0
       0
       0
       0
       0
       0
       0
       1
       0
       0
       0
       1
       0
       0
       0
       0
       0
       0
       0
       0
       0
       0
       0
       0
       0
       0
       0
       0
       0
       0
       0
       0
       0
       0
       0
       0
       1
       0
       0
       0
       0
       0
       0
       0
       0
       0
       0
       0
       0
       0
       0
       0
       1
       0
       0
       1
       1
       2
       0
       2
       1
       2
       1
       1
       0
       2
       2
       1
       0
       2
       0
       0
       1
       1
       2
       0
       0
       0
       0
       1
       1
       0
       0
       1
       0
       0
       1
       0
       1
       0
       0
       0
       1
       2
       0
       1
       0
       0
       1
       1
       0
       1
       1
       1
       0
       1
       0
       0
       1
       1
       0
       3
       0
       1
       1
       2
       0
       1
       0
       2
       0
       1
       0
       1
       2
       0
       0
       0
       0
       1
       0
       0
       0
       0
       1
       2
       2
       0
       1
       0
       1
       1
       0
       2
       1
       1
       0
       0
       0
       0
       0
       0
       0
       1
       1
       0
       0
       0
       1
       0
       2
       0
       0
       0
       0
       0
       0
       2
       0
       1
       0
       0
       1
       0
       0
       0
       0
       0
       1
       2
       0
       1
       0
       0
       0
       1
       0
       1
       0
       0
       2
       0
       0
       2
       2
       0
       1
       0
       0
       0
       2
       2
       0
       0
       1
       0
       1
       3
       0
       1
       0
       0
       0
       1
       1
       2
       1
       1
       0
       0
       0
       1
       1
       0
       2
       0
       1
       1
       0
       1
       1
       0
       1
       0
       1
       0
       2
       1
       0
       0
#$ROI:
#0
#$PRESETS:
#None
#0
#0
#$ENER_FIT:
#0.000000 0.374432
#$MCA_CAL:
#3
#0.000000E+000 3.744323E-001 0.000000E+000 keV
#$SHAPE_CAL:
#3
#6.617742E+000 0.000000E+000 0.000000E+000
