#$SPEC_ID:
#No sample description was entered.
#$SPEC_REM:
#DET# 1
#DETDESC# NEWTON MCB 338
#AP# Maestro Version 6.06
#$DATE_MEA:
#03/31/2017 23:42:50
#$MEAS_TIM:
#6707 6711
#$DATA:
#0 8191
       0
       0
       0
       0
       0
       0
       0
       0
       0
       0
       0
       0
       0
       0
       0
       0
       0
       0
       0
       0
       0
       0
       0
       0
       0
       0
       0
       0
       0
       0
       0
       0
       0
       0
       0
       0
       0
       0
       0
       0
       0
       0
       0
       0
       0
       0
       0
       0
       0
       0
       0
       2
       5
      32
      63
      84
     116
     112
     127
     143
     112
     116
     125
     120
     137
     139
     104
     108
     115
     120
     133
     108
     119
     114
     107
     100
     106
     117
     100
     126
     111
     100
     113
     115
     112
      83
     132
      96
     119
     104
     102
     106
      96
      96
      75
     108
     102
      93
     116
     100
     104
      78
     105
      93
     106
      93
      84
      89
     101
     102
     110
      87
     107
     101
      92
      83
      94
      96
      85
      94
      89
      87
     110
      85
     108
     103
      87
     100
      93
     103
     101
      94
      90
      95
      80
      86
      89
     103
      84
     100
      88
      94
      97
      82
      90
      84
      71
      78
      72
      86
      97
      82
      91
     106
      92
      91
      77
      85
      94
      87
     108
      88
      76
      88
      75
      99
      82
      88
      86
      75
      92
      85
     106
     105
      90
      81
      83
      77
     100
      92
      79
      83
      96
      83
      74
      82
      85
      84
      98
      80
      93
      81
      82
      81
      73
      82
      77
      84
      82
      86
      71
      85
      75
      86
      86
      75
      90
      61
      81
      81
      76
      72
      77
      92
      75
      87
      88
      87
      80
      66
     118
      81
      80
      82
      79
      76
      89
      68
      79
      94
      82
      77
      71
      87
      85
      87
      92
      80
      70
      82
      79
      80
      77
      89
      67
      79
      81
      81
      89
      87
      84
      93
     100
      81
      75
      80
      85
      98
     116
     100
      98
      70
      65
      74
      78
      75
      78
      76
      64
      95
      79
      73
      79
      61
      80
      80
      79
      62
      69
      84
      92
      71
      71
      88
      63
      84
      90
      69
      75
      72
      94
      99
      98
     100
      79
      52
      79
      81
      67
      84
      72
      88
      83
      73
      85
      77
      70
      81
      77
      65
      91
      70
      61
      53
      78
      77
      87
      90
      81
      85
      74
      82
      78
      75
      80
      75
      77
      76
      80
      82
      82
      69
      70
      87
      75
      86
      73
      63
      77
      71
      87
      79
      76
      60
      81
      77
      75
      78
      86
      74
      67
      82
      71
      66
      82
      76
      78
      67
      88
      73
      72
      94
      68
      79
      71
      66
      69
      77
      83
      69
      82
      61
      71
      78
      92
      80
      88
      61
      85
      85
      83
      88
      71
      77
      92
      72
      79
      90
     103
      76
      80
      75
     107
      75
      79
      75
      78
      79
      61
      78
      89
      97
      84
      89
      80
      80
      93
      80
      78
      70
      86
      96
      87
      93
      76
      83
      96
      85
      93
      82
      91
      84
      76
      75
      94
      95
      69
      65
      84
      88
      88
      87
      77
      74
      94
      64
      75
      86
      73
      77
      85
     100
      90
      70
     104
      77
      79
      80
      82
      77
      87
     100
      74
      75
      78
      74
      73
      82
     103
      81
      82
      74
      91
      79
      72
      73
      82
      81
      90
      78
      69
     103
      92
     110
      72
      75
      64
      69
      57
      87
      63
      84
      75
      73
      86
      71
      69
      76
      98
      82
      83
      83
      75
      84
      76
      81
      83
      89
      86
      85
      91
      86
      77
      71
      65
      86
      87
      67
      90
      84
      82
      67
      71
      86
      80
      80
      57
      84
      83
      80
      85
      85
      94
      89
      86
      92
      66
      83
      92
      91
      80
      86
      89
      92
      88
      80
      78
      79
      78
      94
      84
      86
      93
      96
      74
      77
      84
      92
      87
      91
      97
      83
      87
     105
      87
      73
      91
      72
      74
     104
      87
      75
      94
     108
      84
      89
      94
      92
      90
      97
      95
      96
      89
      82
      94
      97
      91
      70
      92
      91
      92
     120
      87
      93
      84
     106
      78
      90
      89
     118
     106
     102
      81
      88
      85
      97
      89
      93
      78
      77
      99
      97
     100
      86
     101
     109
      91
      86
     105
      86
     103
      95
     103
      95
      87
      97
     107
     113
     102
     123
     130
     111
     121
     126
     124
     145
     134
     158
     150
     161
     160
     163
     140
     158
     145
     173
     162
     179
     130
     167
     163
     157
     150
     146
     165
     155
     151
     160
     157
     171
     149
     130
     139
     140
     178
     148
     164
     135
     148
     130
     148
     134
     165
     143
     137
     139
     105
     153
     127
     112
     119
     122
     113
     153
     122
     118
     115
     132
     122
     128
     136
     110
     109
     115
     119
      81
     119
     123
     103
      92
     110
      98
      97
     110
      96
      88
      92
     115
     113
      94
     104
      89
      81
     108
      88
      93
      91
      84
      84
      79
      94
      77
      85
      72
      81
      85
     104
      77
      89
      92
      91
      89
      94
      80
      85
      85
      90
      75
      72
      82
      81
      83
      84
      79
      89
      72
      74
      90
      72
      86
      85
      75
      65
      88
      87
      73
      66
      65
      83
      67
      87
      78
      69
      80
      68
      81
      56
      68
      95
      74
      71
      56
      75
      67
      81
      66
      58
      71
      72
      70
      75
      58
      64
      72
      62
      79
      79
      61
      70
      87
      79
      62
      67
      60
      67
      57
      72
      74
      65
      56
      67
      87
      74
      54
      70
      64
      56
      56
      62
      66
      65
      86
      70
      59
      70
      74
      83
      67
      61
      58
      71
      67
      69
      75
      72
      76
      61
      65
      69
      64
      64
      58
      61
      66
      69
      55
      53
      57
      63
      57
      65
      50
      66
      82
      59
      50
      61
      55
      73
      61
      65
      71
      80
      73
      48
      57
      57
      64
      58
      77
      69
      74
      50
      79
      71
      42
      65
      69
      63
      60
      47
      69
      54
      56
      57
      63
      66
      69
      66
      65
      53
      47
      80
      69
      70
      60
      60
      63
      67
      60
      58
      64
      60
      54
      52
      57
      65
      56
      57
      64
      49
      71
      56
      64
      63
      64
      76
      57
      49
      55
      62
      63
      60
      69
      75
      65
      58
      44
      58
      73
      65
      60
      54
      43
      52
      55
      46
      68
      53
      65
      52
      59
      54
      71
      64
      52
      51
      58
      50
      62
      50
      61
      60
      69
      60
      60
      42
      54
      66
      53
      59
      59
      55
      50
      50
      57
      69
      50
      68
      53
      54
      66
      70
      60
      63
      48
      48
      62
      72
      64
      44
      53
      56
      68
      64
      78
      49
      63
      73
      59
      52
      64
      66
      57
      53
      62
      48
      71
      58
      58
      63
      74
      52
      57
      63
      44
      60
      60
      64
      72
      55
      44
      44
      56
      54
      61
      49
      67
      65
      61
      62
      70
      44
      73
      49
      63
      55
      50
      56
      67
      53
      58
      57
      54
      61
      64
      69
      56
      61
      47
      68
      48
      65
      55
      53
      50
      59
      66
      57
      58
      58
      61
      60
      55
      50
      61
      52
      63
      49
      55
      54
      65
      65
      52
      51
      60
      56
      59
      50
      53
      60
      75
      57
      46
      60
      59
      55
      58
      49
      58
      58
      51
      47
      56
      70
      55
      61
      67
      59
      59
      63
      45
      54
      48
      56
      63
      51
      52
      54
      53
      52
      80
      60
      57
      51
      74
      55
      59
      57
      64
      65
      58
      76
      62
      51
      63
      53
      54
      50
      66
      69
      58
      60
      45
      58
      53
      49
      70
      60
      51
      49
      50
      53
      57
      56
      48
      68
      47
      59
      52
      48
      55
      55
      61
      60
      62
      54
      66
      53
      65
      51
      64
      59
      58
      56
      54
      63
      62
      73
      55
      58
      59
      59
      59
      51
      61
      55
      64
      51
      47
      53
      65
      56
      58
      57
      69
      58
      50
      46
      53
      54
      53
      54
      60
      54
      63
      47
      63
      63
      54
      57
      44
      51
      55
      48
      67
      67
      52
      51
      50
      60
      51
      55
      52
      62
      76
      54
      52
      72
      57
      52
      56
      53
      58
      57
      62
      69
      68
      60
      56
      52
      61
      55
      51
      51
      66
      48
      62
      61
      53
      57
      70
      41
      58
      58
      44
      53
      51
      67
      48
      50
      63
      62
      54
      65
      53
      58
      67
      54
      61
      58
      61
      65
      72
      55
      60
      57
      61
      65
      46
      51
      57
      58
      67
      57
      63
      63
      61
      49
      65
      65
      52
      60
      62
      33
      65
      61
      52
      61
      53
      71
      62
      58
      54
      56
      35
      60
      71
      56
      54
      53
      60
      64
      70
      57
      51
      80
      49
      69
      72
      55
      63
      65
      70
      59
      63
      71
      57
      61
      61
      62
      58
      65
      56
      62
      67
      81
      68
      67
      55
      59
      56
      52
      60
      56
      57
      49
      54
      45
      73
      56
      62
      54
      66
      60
      60
      61
      67
      62
      67
      68
      63
      52
      52
      64
      58
      57
      67
      69
      75
      67
      48
      65
      64
      63
      80
      55
      50
      67
      64
      72
      49
      65
      75
      78
      75
      55
      57
      77
      69
      67
      62
      75
      54
      73
      65
      61
      63
      65
      69
      64
      44
      63
      60
      73
      73
      71
      72
      65
      69
      63
      70
      73
      60
      56
      61
      58
      86
      67
      58
      79
      54
      69
      63
      91
      80
      79
      65
      69
      75
      67
      57
      65
      53
      61
      75
      72
      48
      66
      73
      58
      61
      76
      50
      78
      59
      81
      66
      63
      60
      72
      54
      77
      64
      61
      75
      49
      69
      65
      68
      58
      63
      65
      67
      78
      59
      80
      68
      76
      87
      75
      90
      68
      68
      63
      79
      92
      74
      69
      72
      85
      64
      68
      78
      81
      74
      77
      89
      77
      74
      99
      78
      80
      98
      68
      57
      68
      73
      84
      76
      70
      99
      78
      80
      85
      97
      68
      75
      67
      78
      89
      90
      73
      62
      94
      71
      62
      64
      88
      81
      88
      77
      68
      75
      87
      66
      68
      71
      74
      77
      82
      77
      81
      85
      81
      88
      87
      77
      88
      62
      69
      78
      87
      73
      93
      88
      86
      84
      82
      80
      85
      96
      68
      72
      98
      82
      98
      84
      82
      77
      88
     105
      95
      77
      85
      84
      81
      76
      77
      71
      68
     101
      99
      72
      73
      82
      85
      91
      99
     100
      83
     104
      89
     106
      90
      93
      85
      83
      86
      95
      88
      98
     100
      96
      91
      93
      87
      84
     106
      85
      87
      91
      92
      99
     102
      76
      93
      97
      78
      94
      97
      87
      93
      85
      90
      83
      73
      83
      82
     100
      91
      75
      69
      92
      82
      94
     102
      94
      82
      94
      65
      81
      77
      79
      79
      87
      83
      82
      83
      70
      70
      65
      67
      70
      77
      71
      58
      54
      57
      56
      49
      68
      44
      57
      66
      53
      67
      57
      52
      61
      55
      42
      59
      44
      57
      39
      56
      56
      51
      51
      37
      49
      60
      36
      63
      51
      43
      56
      48
      36
      43
      59
      42
      40
      56
      48
      44
      45
      43
      44
      35
      47
      48
      32
      35
      40
      48
      27
      38
      46
      49
      37
      30
      55
      27
      49
      41
      54
      37
      38
      42
      41
      37
      30
      38
      37
      31
      45
      40
      36
      36
      36
      35
      31
      35
      32
      40
      31
      43
      39
      35
      39
      40
      34
      30
      41
      36
      32
      39
      33
      24
      27
      30
      30
      31
      30
      46
      41
      35
      29
      39
      38
      29
      48
      30
      37
      33
      33
      36
      39
      35
      28
      40
      29
      28
      31
      30
      31
      29
      32
      29
      40
      42
      18
      30
      28
      14
      29
      40
      29
      20
      37
      23
      32
      27
      35
      35
      26
      33
      31
      38
      28
      31
      24
      35
      23
      24
      39
      14
      17
      26
      25
      26
      27
      30
      30
      26
      33
      28
      24
      34
      36
      25
      26
      24
      15
      30
      21
      30
      22
      22
      18
      16
      19
      25
      22
      19
      24
      21
      16
      26
      26
      29
      15
      29
      25
      22
      24
      27
      21
      30
      22
      31
      24
      17
      21
      26
      20
      23
      12
      22
      23
      16
      15
      24
      23
      18
      19
      23
      29
      16
      25
      16
      24
      14
      17
      14
      21
      26
      18
      19
      14
      15
      15
      14
      16
      15
      20
      14
      14
      15
      24
      18
      17
      14
      18
      13
      19
      20
      16
      18
      13
      16
      17
      12
      21
      14
      17
      19
      17
      10
      12
      14
      13
      17
       7
      14
      11
      16
      13
      11
      17
      13
      14
      17
      15
      16
      15
      11
      17
      13
      17
      12
      13
      17
      10
      18
      17
      14
       8
      14
       9
      15
      11
      10
      12
      16
       8
      17
       7
       9
      19
      14
      13
      13
      16
      10
       7
       7
      12
      12
      13
       9
       8
       4
      10
      11
      12
      19
      12
      15
      11
      12
       8
       8
       8
       8
      14
      12
      13
      14
      14
      11
      19
       9
      14
      13
      17
      12
       9
      13
      10
       7
      11
      16
      11
      14
       8
      13
      15
      12
       9
       9
       7
      14
      18
      13
      12
       7
      14
      12
      15
      12
      10
       7
      14
      13
      11
       7
      15
      11
      12
      11
       6
      14
       9
       8
      11
       9
      10
      10
      10
      13
      11
       9
       6
       9
       8
       9
      12
      11
      13
      12
       6
      10
      15
      10
      11
      15
      12
       8
      11
      16
       7
      11
       6
       6
       9
       7
       8
      11
      11
      10
      11
      10
      13
       9
      12
       9
       8
      12
      15
      10
      10
       9
      11
       4
       6
       5
      15
      11
      12
      13
      14
       7
      10
       7
       8
       7
       7
      12
      12
       9
      16
       9
       8
      13
      14
      17
       9
       8
      10
      10
       6
       7
      10
       8
       7
       9
       7
       7
      10
      12
      11
       7
       6
       7
      10
       5
       9
       6
       7
       6
       6
       9
      12
       7
      11
       5
       9
      10
       6
       3
      10
       5
       9
       6
       7
       5
      10
      13
      11
       5
      11
       9
       6
      11
       6
       3
       8
      10
       8
      10
       7
      11
       8
      11
       6
       8
       4
       6
       6
       7
       5
       6
       8
      10
       3
       9
       2
       4
       5
       7
      13
       6
       8
      11
       8
      13
      12
       8
       6
      13
      12
       7
       9
       8
       4
       7
       8
       7
       9
       8
      10
       1
       3
       6
      12
       5
       9
      10
       6
       6
      11
       9
       9
      10
      10
      11
      12
       8
      12
       5
      10
       7
       5
       5
       7
      10
      11
       4
       6
      10
       8
       8
       4
       6
       6
      10
       8
       7
       8
       4
       6
       7
       8
       8
      10
       8
       5
      11
       8
       8
       7
      12
       9
       4
       5
      11
       9
       9
      13
      11
      14
      18
      18
      23
      36
      37
      55
      94
     137
     203
     352
     555
     967
    1524
    2211
    2715
    3289
    3300
    3215
    2680
    1916
    1127
     569
     209
      60
      17
       8
       4
       6
       4
       3
       3
       1
       3
       3
       5
       1
       3
       1
       0
       3
       5
       1
       1
       1
       3
       0
       4
       2
       0
       2
       2
       2
       1
       5
       0
       1
       1
       1
       1
       2
       1
       0
       1
       4
       1
       0
       1
       2
       4
       0
       2
       2
       5
       5
       1
       0
       1
       0
       0
       1
       1
       1
       1
       3
       4
       0
       2
       0
       0
       1
       5
       2
       2
       2
       3
       1
       2
       2
       1
       4
       3
       2
       1
       1
       2
       1
       1
       2
       2
       4
       2
       2
       0
       2
       2
       2
       1
       2
       3
       1
       2
       2
       1
       1
       1
       2
       4
       2
       2
       2
       2
       2
       2
       4
       1
       3
       4
       4
       1
       2
       1
       3
       1
       1
       2
       1
       1
       2
       0
       1
       2
       2
       3
       3
       1
       3
       3
       2
       0
       1
       1
       2
       1
       1
       2
       3
       2
       0
       3
       2
       4
       1
       1
       1
       1
       3
       1
       2
       2
       0
       2
       2
       3
       2
       2
       1
       2
       6
       2
       1
       2
       1
       0
       1
       2
       2
       2
       0
       0
       2
       4
       0
       1
       1
       0
       1
       2
       4
       2
       1
       4
       3
       1
       2
       0
       2
       1
       3
       4
       2
       0
       4
       0
       2
       3
       1
       4
       1
       0
       3
       1
       0
       0
       4
       0
       0
       3
       4
       0
       1
       2
       3
       1
       2
       3
       4
       2
       1
       0
       3
       4
       1
       2
       0
       3
       2
       1
       1
       2
       1
       1
       4
       3
       1
       2
       1
       1
       3
       2
       2
       3
       3
       1
       2
       1
       1
       5
       3
       2
       2
       2
       2
       0
       2
       2
       1
       2
       4
       0
       2
       5
       2
       0
       0
       1
       1
       3
       0
       0
       2
       1
       0
       0
       2
       0
       3
       1
       0
       0
       1
       2
       2
       2
       2
       0
       2
       2
       3
       3
       1
       2
       2
       2
       0
       3
       1
       2
       1
       1
       0
       4
       0
       2
       0
       0
       0
       4
       1
       2
       2
       1
       3
       2
       2
       2
       1
       5
       0
       1
       0
       0
       0
       1
       1
       2
       0
       5
       1
       3
       2
       0
       3
       0
       1
       3
       3
       4
       1
       3
       4
       3
       4
       2
       2
       1
       1
       0
       0
       2
       3
       0
       4
       1
       1
       0
       3
       3
       2
       0
       1
       2
       1
       1
       0
       0
       2
       0
       0
       4
       2
       1
       1
       2
       0
       1
       1
       0
       1
       2
       2
       2
       2
       1
       2
       2
       3
       1
       1
       1
       0
       2
       1
       3
       1
       3
       2
       1
       1
       0
       0
       2
       0
       4
       0
       1
       3
       1
       1
       4
       0
       2
       4
       0
       4
       2
       3
       3
       1
       2
       1
       0
       3
       4
       0
       0
       4
       2
       2
       0
       2
       5
       4
       3
       2
       2
       2
       0
       1
       3
       0
       2
       1
       3
       2
       0
       0
       2
       1
       2
       2
       2
       2
       0
       1
       1
       3
       1
       1
       2
       1
       2
       0
       3
       2
       0
       2
       0
       2
       1
       2
       0
       0
       0
       2
       1
       0
       2
       2
       1
       1
       2
       1
       0
       3
       3
       1
       2
       3
       1
       1
       3
       1
       0
       4
       2
       2
       1
       1
       1
       2
       4
       4
       2
       0
       3
       2
       1
       1
       1
       1
       2
       1
       2
       0
       2
       0
       2
       5
       0
       2
       0
       3
       2
       3
       2
       4
       2
       0
       1
       2
       2
       0
       0
       2
       1
       1
       2
       1
       0
       2
       0
       2
       1
       4
       1
       1
       0
       0
       1
       4
       1
       1
       3
       2
       1
       1
       3
       0
       2
       4
       0
       2
       1
       2
       3
       0
       2
       3
       0
       4
       1
       2
       1
       7
       0
       2
       1
       1
       2
       1
       2
       2
       6
       0
       2
       2
       2
       1
       2
       2
       1
       0
       0
       3
       0
       0
       1
       1
       3
       2
       0
       2
       1
       2
       3
       4
       0
       2
       2
       2
       1
       2
       1
       0
       0
       2
       2
       0
       2
       2
       1
       3
       3
       1
       2
       1
       0
       3
       2
       0
       1
       3
       2
       1
       2
       2
       0
       1
       0
       1
       0
       0
       1
       0
       2
       1
       1
       0
       0
       2
       1
       4
       1
       3
       0
       1
       2
       0
       1
       2
       1
       1
       0
       1
       3
       1
       2
       1
       1
       0
       2
       1
       1
       1
       1
       0
       0
       0
       3
       1
       2
       2
       1
       1
       2
       0
       1
       3
       0
       2
       2
       2
       4
       1
       2
       0
       0
       1
       0
       1
       2
       0
       3
       1
       2
       2
       2
       2
       1
       5
       2
       2
       1
       0
       0
       0
       1
       2
       0
       0
       2
       0
       2
       1
       0
       1
       1
       0
       1
       2
       1
       4
       0
       0
       3
       1
       0
       2
       1
       1
       1
       0
       3
       0
       0
       1
       1
       0
       1
       5
       1
       2
       1
       2
       2
       2
       2
       3
       0
       1
       1
       0
       1
       2
       3
       0
       5
       1
       1
       2
       0
       1
       0
       1
       0
       1
       2
       4
       2
       3
       1
       1
       1
       1
       1
       2
       1
       1
       0
       2
       0
       2
       1
       2
       0
       0
       3
       0
       0
       0
       1
       2
       0
       1
       1
       1
       3
       3
       2
       1
       0
       0
       1
       1
       0
       2
       1
       1
       1
       2
       3
       3
       1
       5
       4
       2
       2
       0
       0
       1
       0
       0
       1
       1
       0
       0
       0
       0
       2
       0
       2
       2
       1
       0
       1
       2
       2
       2
       0
       1
       2
       1
       3
       2
       1
       1
       1
       2
       0
       1
       4
       3
       1
       2
       2
       0
       0
       1
       2
       0
       1
       0
       1
       1
       3
       1
       0
       4
       3
       1
       1
       0
       0
       3
       0
       1
       1
       1
       1
       0
       1
       0
       3
       2
       1
       1
       2
       3
       2
       0
       2
       3
       2
       1
       2
       0
       1
       0
       1
       2
       0
       2
       0
       0
       2
       2
       2
       1
       0
       0
       1
       2
       1
       2
       0
       2
       2
       2
       1
       2
       0
       1
       0
       0
       1
       1
       0
       1
       0
       1
       3
       1
       0
       1
       1
       1
       2
       1
       0
       2
       1
       1
       2
       0
       3
       1
       1
       1
       0
       2
       5
       1
       1
       2
       0
       1
       0
       2
       0
       1
       2
       0
       0
       2
       2
       1
       1
       0
       1
       2
       1
       2
       1
       0
       2
       2
       1
       1
       0
       2
       1
       3
       1
       2
       1
       0
       2
       1
       1
       1
       1
       0
       1
       3
       0
       1
       4
       2
       0
       0
       3
       3
       2
       1
       1
       0
       1
       2
       0
       4
       1
       0
       2
       1
       3
       0
       2
       0
       0
       0
       1
       1
       1
       0
       0
       2
       0
       1
       4
       1
       3
       2
       0
       0
       1
       4
       0
       2
       2
       1
       1
       0
       2
       0
       1
       1
       0
       0
       1
       3
       0
       0
       1
       2
       1
       1
       2
       2
       4
       1
       1
       0
       1
       2
       2
       1
       0
       0
       0
       1
       1
       0
       1
       1
       1
       0
       4
       0
       0
       2
       2
       1
       2
       2
       4
       2
       3
       0
       1
       1
       1
       1
       0
       0
       3
       5
       0
       0
       0
       1
       2
       2
       2
       0
       2
       1
       0
       0
       1
       1
       1
       1
       0
       2
       0
       4
       1
       1
       0
       1
       0
       1
       1
       1
       3
       0
       1
       0
       2
       0
       1
       1
       1
       1
       3
       1
       1
       1
       1
       4
       2
       1
       2
       1
       0
       2
       1
       3
       3
       1
       1
       1
       1
       2
       5
       5
       0
       2
       0
       1
       3
       2
       2
       2
       2
       1
       3
       2
       1
       0
       2
       1
       1
       1
       0
       1
       1
       1
       1
       0
       1
       2
       3
       2
       1
       1
       0
       1
       1
       1
       0
       0
       1
       0
       1
       0
       2
       0
       2
       3
       2
       1
       1
       3
       2
       0
       2
       1
       1
       2
       2
       1
       0
       1
       3
       0
       0
       0
       1
       0
       0
       0
       1
       0
       0
       0
       1
       0
       0
       2
       0
       1
       1
       1
       0
       1
       5
       2
       1
       3
       0
       0
       2
       1
       2
       1
       3
       2
       3
       1
       2
       2
       0
       1
       0
       1
       0
       2
       0
       1
       1
       3
       2
       2
       0
       0
       4
       2
       2
       1
       1
       1
       1
       0
       1
       2
       1
       0
       2
       2
       0
       0
       0
       0
       2
       2
       1
       2
       0
       0
       4
       0
       1
       4
       1
       0
       0
       2
       2
       1
       0
       2
       0
       2
       0
       2
       3
       0
       3
       2
       0
       0
       1
       2
       1
       0
       1
       1
       0
       1
       2
       1
       1
       0
       1
       1
       0
       0
       1
       3
       1
       0
       0
       0
       1
       1
       2
       0
       0
       0
       0
       0
       0
       1
       0
       1
       3
       0
       1
       4
       3
       0
       1
       1
       0
       0
       0
       0
       2
       0
       1
       0
       1
       3
       1
       0
       0
       1
       0
       1
       1
       2
       0
       3
       1
       1
       1
       2
       1
       1
       1
       2
       1
       0
       1
       0
       3
       0
       3
       2
       0
       3
       1
       4
       0
       1
       0
       1
       1
       0
       0
       1
       1
       3
       0
       2
       1
       0
       1
       1
       1
       1
       0
       2
       1
       0
       1
       1
       1
       0
       2
       0
       0
       0
       0
       0
       3
       1
       0
       3
       1
       5
       0
       0
       1
       1
       0
       0
       2
       1
       1
       2
       1
       1
       0
       2
       0
       1
       0
       1
       1
       2
       2
       0
       0
       2
       1
       1
       1
       1
       0
       1
       1
       1
       3
       0
       2
       1
       3
       1
       0
       0
       1
       1
       0
       3
       1
       1
       0
       1
       1
       0
       3
       0
       2
       0
       0
       3
       0
       0
       1
       3
       0
       2
       0
       0
       1
       2
       1
       0
       0
       3
       1
       2
       3
       1
       0
       1
       2
       2
       1
       5
       2
       2
       2
       1
       3
       1
       1
       0
       1
       1
       0
       1
       0
       0
       1
       0
       0
       2
       3
       1
       1
       0
       1
       1
       0
       1
       0
       0
       0
       0
       3
       0
       0
       1
       2
       1
       0
       0
       0
       2
       2
       3
       0
       0
       0
       0
       1
       1
       1
       0
       1
       1
       0
       0
       2
       0
       0
       0
       2
       0
       2
       0
       2
       1
       3
       3
       0
       0
       2
       1
       0
       1
       0
       1
       1
       0
       1
       0
       1
       0
       1
       0
       2
       1
       0
       0
       0
       2
       1
       1
       2
       2
       0
       3
       1
       0
       2
       0
       0
       1
       0
       2
       2
       4
       0
       0
       2
       1
       1
       0
       0
       0
       0
       1
       0
       1
       1
       1
       1
       0
       1
       3
       0
       0
       0
       3
       0
       0
       3
       0
       0
       1
       0
       0
       2
       1
       1
       3
       2
       1
       2
       0
       1
       0
       0
       0
       1
       1
       0
       1
       3
       0
       0
       1
       0
       2
       1
       3
       1
       0
       2
       2
       0
       1
       0
       0
       0
       1
       0
       1
       0
       0
       3
       0
       3
       2
       1
       1
       0
       2
       2
       4
       0
       2
       2
       0
       2
       0
       1
       1
       2
       0
       1
       0
       1
       0
       0
       1
       1
       0
       0
       1
       2
       0
       0
       2
       2
       2
       0
       1
       2
       0
       0
       1
       1
       2
       2
       1
       0
       2
       3
       1
       0
       0
       0
       2
       1
       2
       1
       1
       1
       0
       1
       0
       1
       2
       1
       0
       1
       0
       0
       1
       1
       1
       0
       0
       0
       1
       0
       4
       0
       1
       1
       0
       0
       0
       0
       0
       3
       4
       2
       1
       5
       2
       1
       0
       1
       2
       2
       2
       1
       0
       1
       1
       0
       0
       1
       0
       3
       1
       1
       1
       1
       0
       0
       1
       1
       1
       2
       1
       2
       1
       1
       1
       0
       0
       2
       1
       1
       0
       1
       2
       0
       0
       2
       2
       1
       1
       0
       0
       1
       2
       3
       0
       1
       3
       1
       1
       0
       0
       0
       1
       1
       1
       2
       0
       1
       1
       2
       0
       1
       1
       0
       1
       3
       0
       1
       2
       1
       0
       2
       3
       1
       0
       0
       0
       1
       0
       1
       2
       0
       0
       1
       1
       0
       1
       0
       2
       2
       1
       2
       2
       2
       1
       0
       0
       0
       1
       1
       0
       0
       1
       1
       0
       0
       1
       2
       0
       0
       1
       0
       3
       2
       0
       2
       1
       0
       1
       2
       0
       2
       0
       1
       2
       3
       1
       1
       0
       5
       0
       1
       0
       1
       0
       1
       1
       1
       3
       1
       1
       1
       0
       0
       0
       0
       1
       1
       0
       0
       1
       3
       0
       2
       1
       2
       1
       0
       0
       2
       1
       0
       0
       1
       2
       1
       1
       0
       1
       1
       0
       0
       0
       2
       2
       0
       1
       0
       2
       1
       0
       0
       1
       0
       0
       1
       1
       1
       0
       1
       1
       0
       0
       1
       1
       1
       0
       2
       0
       0
       0
       0
       0
       2
       2
       2
       1
       0
       0
       0
       0
       0
       1
       3
       0
       2
       0
       0
       0
       0
       0
       0
       0
       1
       0
       0
       1
       1
       0
       2
       1
       1
       0
       1
       0
       1
       0
       1
       1
       0
       0
       0
       4
       2
       0
       0
       1
       2
       1
       1
       0
       0
       0
       0
       0
       0
       1
       0
       0
       2
       0
       0
       0
       0
       0
       0
       0
       3
       0
       0
       2
       0
       2
       0
       0
       1
       1
       1
       1
       0
       0
       0
       2
       0
       1
       0
       1
       0
       1
       0
       1
       1
       0
       0
       2
       0
       0
       0
       2
       1
       1
       3
       0
       1
       0
       0
       2
       1
       1
       0
       2
       0
       0
       0
       2
       2
       0
       2
       1
       0
       1
       0
       0
       1
       0
       0
       1
       0
       0
       1
       1
       0
       1
       0
       1
       2
       0
       0
       0
       1
       1
       0
       0
       0
       1
       1
       2
       1
       0
       0
       0
       0
       0
       1
       0
       0
       0
       2
       1
       1
       2
       2
       1
       0
       0
       0
       0
       0
       2
       0
       2
       0
       1
       0
       2
       0
       0
       0
       1
       0
       0
       1
       0
       0
       0
       0
       0
       2
       0
       1
       0
       0
       1
       0
       1
       0
       0
       0
       1
       1
       1
       0
       1
       1
       0
       0
       0
       1
       1
       0
       1
       1
       0
       0
       0
       2
       1
       0
       1
       0
       0
       0
       0
       1
       1
       0
       1
       0
       0
       1
       1
       1
       0
       0
       0
       1
       0
       0
       0
       0
       0
       0
       4
       1
       0
       0
       0
       1
       0
       2
       1
       0
       1
       3
       1
       0
       0
       1
       3
       1
       0
       1
       0
       1
       0
       1
       0
       1
       1
       1
       0
       2
       1
       0
       0
       0
       0
       3
       2
       1
       0
       1
       1
       1
       1
       0
       0
       0
       1
       0
       0
       1
       0
       0
       0
       0
       1
       1
       1
       0
       0
       2
       0
       0
       0
       0
       1
       1
       1
       1
       0
       0
       0
       0
       0
       1
       0
       1
       2
       1
       0
       0
       2
       0
       1
       1
       2
       1
       1
       0
       1
       1
       1
       1
       0
       1
       0
       0
       0
       0
       0
       1
       1
       0
       3
       1
       0
       1
       1
       1
       1
       0
       0
       2
       0
       0
       0
       0
       1
       0
       1
       0
       2
       1
       2
       0
       0
       0
       0
       0
       1
       0
       0
       0
       2
       1
       0
       0
       0
       0
       0
       0
       0
       1
       1
       0
       0
       3
       1
       0
       1
       0
       0
       1
       0
       0
       2
       1
       1
       0
       0
       0
       0
       0
       1
       0
       0
       0
       0
       1
       1
       0
       1
       0
       1
       1
       1
       0
       0
       1
       0
       0
       1
       0
       0
       0
       0
       1
       2
       0
       0
       0
       0
       2
       1
       3
       0
       0
       0
       0
       1
       1
       0
       2
       0
       0
       0
       2
       0
       0
       1
       0
       1
       2
       0
       0
       1
       0
       0
       0
       1
       0
       0
       0
       0
       0
       0
       0
       1
       0
       0
       1
       1
       0
       1
       1
       1
       0
       0
       0
       3
       1
       0
       0
       0
       3
       0
       0
       1
       1
       5
       0
       1
       1
       1
       1
       0
       0
       2
       0
       1
       0
       0
       0
       0
       3
       2
       1
       1
       0
       0
       0
       0
       1
       0
       0
       0
       0
       0
       0
       1
       1
       0
       1
       0
       0
       0
       2
       2
       0
       0
       0
       0
       1
       0
       0
       1
       0
       1
       0
       3
       1
       1
       1
       1
       0
       0
       0
       0
       1
       0
       1
       1
       0
       0
       1
       0
       0
       0
       0
       0
       0
       1
       0
       0
       0
       0
       0
       2
       1
       1
       0
       1
       1
       1
       1
       1
       0
       1
       0
       0
       0
       0
       0
       2
       1
       0
       0
       0
       1
       0
       0
       0
       1
       1
       0
       1
       0
       0
       1
       0
       1
       1
       1
       1
       0
       1
       0
       0
       0
       0
       1
       0
       1
       0
       0
       0
       0
       1
       3
       0
       1
       1
       2
       0
       0
       1
       2
       1
       0
       0
       0
       0
       0
       0
       0
       0
       0
       2
       0
       0
       1
       0
       0
       0
       1
       1
       1
       0
       0
       0
       0
       0
       1
       0
       0
       0
       1
       0
       2
       1
       3
       3
       4
       2
       0
       6
       5
       6
       9
       5
       4
       3
       8
       6
       7
       7
       2
       3
       2
       0
       0
       1
       0
       0
       1
       2
       0
       0
       0
       0
       0
       0
       0
       0
       1
       1
       0
       0
       0
       1
       0
       0
       0
       1
       0
       0
       1
       0
       1
       0
       0
       0
       0
       0
       0
       0
       0
       0
       2
       0
       1
       0
       1
       0
       0
       0
       1
       0
       0
       0
       3
       0
       0
       1
       1
       0
       0
       1
       3
       1
       0
       0
       0
       0
       1
       1
       0
       1
       0
       1
       0
       0
       2
       2
       1
       0
       1
       1
       0
       0
       0
       0
       1
       0
       0
       1
       0
       0
       0
       1
       0
       0
       1
       0
       0
       0
       1
       0
       0
       1
       0
       1
       0
       1
       1
       1
       0
       0
       0
       0
       0
       0
       1
       1
       0
       1
       0
       0
       0
       0
       0
       0
       0
       0
       0
       0
       0
       1
       0
       0
       1
       0
       0
       0
       0
       1
       1
       0
       0
       0
       0
       1
       1
       1
       0
       1
       0
       2
       1
       0
       0
       0
       1
       1
       0
       1
       1
       1
       0
       1
       0
       1
       0
       0
       0
       0
       0
       1
       1
       2
       0
       2
       1
       1
       0
       1
       0
       0
       1
       0
       1
       1
       0
       1
       0
       1
       0
       0
       0
       1
       0
       0
       2
       0
       0
       0
       2
       0
       0
       1
       0
       0
       0
       0
       1
       0
       1
       0
       2
       0
       0
       0
       0
       0
       1
       0
       0
       1
       0
       0
       0
       0
       0
       1
       1
       0
       0
       0
       0
       0
       0
       0
       0
       0
       0
       0
       0
       0
       0
       0
       0
       0
       0
       2
       0
       1
       1
       0
       1
       0
       0
       2
       0
       1
       0
       0
       0
       0
       1
       1
       0
       1
       2
       2
       0
       0
       0
       1
       0
       0
       0
       0
       0
       1
       0
       0
       1
       1
       0
       0
       2
       0
       1
       1
       0
       0
       0
       0
       2
       0
       1
       0
       0
       0
       1
       0
       1
       1
       0
       0
       0
       1
       2
       0
       0
       1
       1
       0
       0
       0
       1
       1
       0
       0
       0
       0
       1
       2
       0
       0
       0
       0
       0
       0
       0
       0
       1
       0
       0
       0
       0
       0
       0
       0
       0
       0
       0
       0
       0
       1
       0
       0
       0
       0
       0
       0
       0
       0
       0
       0
       1
       0
       0
       0
       0
       0
       2
       0
       0
       0
       0
       0
       0
       0
       1
       0
       1
       0
       0
       1
       0
       0
       0
       0
       0
       1
       0
       0
       1
       0
       0
       0
       2
       0
       0
       0
       0
       1
       0
       0
       0
       0
       0
       0
       1
       0
       0
       2
       0
       1
       1
       0
       0
       3
       0
       1
       0
       0
       0
       0
       1
       1
       1
       1
       0
       0
       1
       0
       0
       0
       0
       0
       0
       1
       2
       2
       1
       3
       1
       0
       0
       1
       1
       1
       0
       2
       2
       1
       1
       0
       1
       0
       0
       0
       0
       1
       0
       0
       0
       0
       2
       0
       1
       0
       0
       0
       0
       0
       0
       0
       0
       0
       1
       0
       0
       0
       0
       0
       0
       0
       0
       0
       0
       0
       0
       1
       2
       0
       1
       0
       0
       0
       0
       0
       0
       0
       0
       0
       0
       0
       0
       0
       0
       1
       0
       0
       0
       0
       0
       0
       0
       0
       0
       1
       0
       0
       0
       0
       0
       0
       1
       0
       0
       0
       0
       1
       0
       0
       0
       0
       1
       1
       0
       0
       0
       1
       0
       0
       1
       0
       1
       0
       1
       0
       2
       0
       1
       0
       1
       0
       0
       0
       0
       0
       0
       1
       1
       1
       0
       0
       0
       0
       0
       0
       0
       0
       0
       0
       0
       0
       0
       0
       0
       0
       0
       0
       0
       0
       0
       0
       0
       0
       0
       0
       0
       1
       0
       0
       0
       0
       1
       0
       0
       1
       1
       0
       0
       0
       0
       0
       1
       0
       0
       1
       0
       0
       0
       0
       0
       1
       1
       1
       0
       1
       0
       0
       0
       1
       1
       0
       0
       0
       0
       0
       2
       0
       0
       0
       0
       1
       0
       1
       0
       0
       1
       0
       0
       1
       0
       0
       0
       0
       0
       1
       0
       0
       0
       0
       0
       0
       1
       0
       0
       0
       0
       0
       0
       0
       0
       0
       1
       0
       0
       0
       0
       0
       1
       1
       0
       0
       0
       1
       1
       0
       0
       0
       1
       0
       0
       0
       0
       0
       0
       0
       0
       0
       1
       0
       0
       0
       1
       0
       1
       1
       1
       0
       0
       0
       0
       0
       0
       3
       1
       1
       1
       0
       0
       0
       0
       0
       1
       0
       1
       1
       0
       0
       0
       0
       0
       0
       0
       0
       0
       0
       0
       1
       0
       0
       0
       0
       2
       3
       0
       0
       0
       0
       1
       0
       1
       0
       0
       0
       0
       0
       0
       0
       0
       0
       0
       0
       0
       0
       0
       1
       0
       1
       0
       1
       0
       0
       1
       0
       1
       0
       1
       0
       0
       0
       0
       1
       0
       0
       0
       0
       0
       0
       0
       0
       0
       0
       0
       0
       0
       1
       0
       0
       0
       0
       0
       1
       0
       0
       0
       0
       0
       0
       0
       0
       0
       0
       1
       0
       0
       1
       0
       0
       1
       2
       1
       0
       0
       0
       1
       0
       1
       1
       0
       0
       0
       0
       0
       0
       0
       0
       0
       1
       0
       0
       0
       0
       1
       0
       1
       0
       1
       0
       1
       0
       1
       0
       1
       1
       0
       0
       0
       0
       0
       0
       1
       0
       0
       0
       0
       1
       0
       1
       0
       0
       0
       0
       0
       1
       0
       0
       0
       0
       0
       0
       0
       0
       1
       0
       0
       0
       0
       0
       0
       0
       1
       0
       0
       0
       0
       0
       0
       0
       0
       0
       0
       1
       1
       0
       0
       0
       1
       0
       0
       1
       0
       2
       1
       0
       0
       1
       1
       0
       1
       0
       0
       0
       0
       0
       0
       1
       1
       0
       1
       0
       0
       1
       0
       0
       0
       1
       0
       0
       0
       0
       0
       1
       0
       0
       0
       0
       0
       1
       1
       0
       0
       0
       0
       0
       1
       0
       1
       0
       0
       0
       2
       0
       0
       0
       0
       0
       0
       0
       0
       0
       0
       0
       0
       0
       0
       0
       0
       2
       1
       1
       0
       0
       0
       0
       0
       0
       1
       1
       0
       1
       0
       0
       0
       0
       1
       0
       0
       0
       0
       0
       0
       0
       0
       0
       0
       0
       0
       1
       0
       1
       0
       1
       0
       0
       1
       0
       0
       1
       0
       1
       1
       1
       3
       3
       0
       2
       2
       3
       2
       1
       0
       2
       1
       0
       0
       1
       0
       0
       0
       0
       0
       1
       0
       1
       0
       1
       0
       1
       0
       0
       0
       0
       0
       0
       0
       0
       0
       0
       0
       0
       0
       0
       0
       0
       0
       1
       1
       0
       0
       0
       0
       0
       0
       0
       1
       1
       0
       0
       0
       0
       0
       0
       0
       0
       0
       0
       0
       2
       0
       0
       1
       0
       0
       0
       0
       0
       0
       1
       0
       0
       0
       0
       0
       1
       0
       0
       0
       0
       0
       0
       0
       0
       0
       0
       1
       0
       0
       0
       0
       0
       0
       0
       0
       0
       1
       0
       0
       2
       0
       1
       0
       0
       0
       1
       0
       0
       0
       0
       0
       0
       0
       0
       0
       0
       1
       0
       1
       0
       0
       1
       1
       0
       0
       2
       0
       1
       0
       0
       2
       0
       0
       0
       0
       0
       0
       0
       0
       1
       0
       0
       0
       0
       0
       0
       0
       1
       0
       0
       0
       0
       0
       0
       1
       0
       0
       1
       0
       0
       0
       0
       0
       0
       0
       0
       0
       0
       0
       0
       0
       0
       0
       0
       0
       0
       0
       0
       0
       0
       0
       0
       0
       1
       1
       0
       0
       0
       0
       0
       1
       0
       1
       0
       0
       0
       0
       1
       1
       1
       0
       0
       2
       0
       1
       0
       1
       1
       0
       0
       0
       0
       0
       0
       0
       0
       1
       0
       0
       0
       0
       0
       1
       0
       0
       0
       0
       0
       1
       0
       1
       0
       0
       0
       0
       1
       0
       0
       0
       0
       0
       1
       1
       0
       0
       0
       0
       0
       2
       1
       0
       0
       0
       0
       1
       0
       0
       2
       0
       0
       0
       0
       1
       0
       0
       0
       0
       0
       0
       0
       1
       0
       0
       0
       0
       0
       0
       0
       0
       0
       1
       0
       1
       0
       0
       0
       0
       0
       1
       0
       0
       0
       0
       0
       0
       0
       1
       0
       0
       1
       0
       0
       0
       0
       0
       0
       0
       0
       0
       0
       0
       0
       0
       0
       0
       0
       0
       0
       0
       0
       0
       0
       0
       1
       0
       0
       0
       0
       0
       0
       0
       0
       1
       0
       0
       0
       0
       0
       0
       0
       0
       0
       0
       0
       0
       0
       1
       0
       0
       0
       1
       1
       2
       0
       0
       0
       0
       0
       0
       0
       0
       0
       0
       0
       0
       1
       0
       1
       2
       0
       0
       0
       1
       0
       0
       0
       0
       0
       0
       0
       1
       0
       0
       0
       0
       0
       2
       1
       0
       0
       1
       0
       1
       1
       0
       0
       0
       0
       0
       0
       0
       0
       1
       0
       0
       0
       0
       1
       0
       0
       0
       0
       0
       0
       1
       0
       0
       0
       0
       1
       0
       0
       0
       0
       0
       0
       0
       0
       0
       0
       0
       0
       0
       0
       0
       0
       0
       1
       0
       0
       0
       0
       1
       0
       1
       1
       1
       0
       0
       0
       0
       0
       0
       1
       0
       0
       2
       0
       1
       0
       0
       0
       0
       1
       0
       0
       0
       0
       0
       0
       0
       0
       0
       0
       0
       1
       0
       0
       0
       0
       0
       0
       0
       0
       0
       0
       0
       1
       0
       0
       1
       0
       0
       0
       1
       0
       0
       0
       1
       0
       1
       0
       0
       0
       0
       0
       0
       0
       0
       0
       1
       1
       0
       0
       0
       0
       1
       1
       0
       0
       0
       0
       0
       1
       1
       0
       0
       1
       0
       0
       0
       0
       0
       0
       1
       0
       0
       0
       0
       0
       0
       0
       0
       0
       0
       0
       0
       0
       0
       0
       1
       1
       1
       0
       0
       0
       1
       0
       0
       0
       0
       0
       0
       1
       0
       0
       0
       0
       0
       1
       0
       0
       0
       0
       0
       1
       1
       0
       0
       1
       0
       0
       0
       0
       0
       0
       1
       1
       0
       1
       1
       0
       0
       0
       0
       0
       0
       0
       0
       0
       0
       0
       0
       0
       0
       1
       1
       0
       0
       0
       0
       0
       0
       0
       0
       0
       0
       0
       0
       1
       0
       0
       0
       1
       1
       0
       0
       1
       0
       1
       1
       0
       0
       0
       0
       0
       1
       0
       0
       0
       0
       0
       0
       0
       0
       0
       0
       0
       0
       0
       1
       0
       0
       0
       0
       0
       0
       0
       1
       0
       0
       0
       0
       0
       0
       0
       0
       0
       0
       0
       0
       0
       0
       0
       0
       0
       0
       0
       1
       0
       0
       0
       0
       1
       0
       0
       0
       0
       0
       0
       0
       0
       1
       0
       0
       0
       0
       0
       0
       0
       0
       0
       0
       1
       0
       0
       2
       0
       1
       0
       1
       0
       0
       0
       0
       0
       0
       0
       1
       0
       1
       0
       1
       0
       0
       1
       0
       0
       0
       0
       0
       0
       0
       0
       0
       0
       0
       0
       0
       0
       0
       0
       0
       0
       0
       2
       0
       0
       1
       0
       0
       0
       0
       0
       0
       0
       0
       1
       0
       1
       1
       1
       0
       1
       0
       0
       1
       0
       0
       1
       0
       0
       0
       1
       0
       0
       0
       0
       1
       0
       0
       0
       0
       0
       0
       0
       1
       0
       0
       0
       0
       0
       0
       0
       0
       0
       0
       1
       0
       0
       1
       0
       0
       0
       1
       0
       0
       0
       0
       0
       0
       0
       0
       0
       1
       0
       0
       0
       0
       0
       0
       0
       0
       0
       0
       0
       0
       0
       0
       0
       1
       0
       1
       0
       0
       0
       1
       0
       0
       0
       0
       0
       0
       0
       0
       0
       1
       0
       0
       0
       0
       1
       0
       0
       1
       0
       0
       0
       0
       0
       0
       1
       0
       0
       1
       0
       0
       0
       0
       0
       0
       0
       0
       0
       0
       0
       0
       0
       0
       0
       0
       0
       0
       0
       1
       0
       0
       1
       0
       1
       0
       0
       0
       0
       0
       0
       0
       0
       0
       0
       0
       0
       0
       0
       0
       0
       0
       0
       0
       0
       0
       0
       0
       2
       2
       0
       1
       0
       0
       0
       0
       0
       0
       0
       0
       0
       0
       1
       0
       1
       0
       1
       0
       0
       0
       1
       0
       1
       0
       0
       0
       0
       1
       0
       0
       1
       0
       0
       0
       0
       1
       0
       0
       0
       0
       0
       0
       0
       0
       0
       1
       0
       0
       0
       0
       2
       1
       1
       0
       0
       1
       0
       0
       0
       0
       0
       0
       0
       0
       0
       0
       0
       0
       0
       0
       0
       1
       0
       0
       0
       0
       0
       0
       0
       0
       0
       0
       0
       0
       0
       0
       0
       0
       0
       0
       0
       0
       0
       0
       0
       0
       0
       0
       1
       0
       0
       0
       0
       1
       0
       0
       0
       2
       1
       0
       0
       0
       0
       0
       0
       0
       0
       0
       0
       0
       1
       0
       1
       0
       0
       0
       0
       0
       1
       0
       0
       0
       1
       0
       0
       0
       0
       1
       0
       0
       0
       0
       1
       0
       1
       0
       0
       0
       0
       0
       0
       0
       0
       0
       0
       0
       0
       0
       0
       0
       0
       0
       1
       1
       1
       0
       0
       0
       0
       0
       0
       0
       0
       0
       0
       0
       0
       0
       0
       0
       0
       0
       0
       0
       0
       0
       1
       0
       1
       0
       1
       0
       0
       0
       0
       0
       0
       1
       0
       0
       0
       0
       0
       0
       0
       0
       0
       0
       1
       1
       0
       0
       1
       0
       0
       1
       0
       0
       0
       0
       0
       0
       0
       0
       0
       0
       0
       0
       1
       0
       0
       0
       0
       0
       1
       0
       1
       0
       0
       0
       0
       0
       1
       0
       0
       0
       0
       0
       1
       0
       0
       0
       0
       0
       0
       0
       0
       0
       0
       0
       0
       0
       0
       0
       0
       0
       0
       0
       0
       0
       0
       0
       1
       0
       0
       0
       0
       0
       0
       0
       1
       0
       0
       0
       0
       0
       0
       0
       0
       0
       0
       0
       0
       0
       0
       0
       0
       0
       0
       0
       0
       0
       0
       0
       1
       0
       0
       0
       0
       0
       0
       0
       1
       1
       0
       0
       0
       0
       0
       0
       0
       0
       1
       0
       0
       0
       0
       0
       0
       0
       0
       0
       0
       0
       0
       1
       0
       0
       0
       0
       0
       0
       1
       0
       0
       0
       0
       0
       0
       0
       0
       1
       0
       0
       0
       0
       0
       0
       0
       1
       0
       0
       0
       0
       0
       0
       0
       1
       0
       1
       0
       1
       1
       0
       0
       0
       0
       0
       0
       0
       1
       2
       0
       1
       0
       0
       0
       0
       0
       0
       0
       0
       0
       0
       0
       0
       1
       0
       0
       0
       0
       0
       0
       0
       0
       0
       0
       0
       0
       1
       1
       0
       0
       0
       1
       0
       0
       0
       0
       0
       0
       2
       0
       0
       0
       1
       0
       0
       1
       0
       0
       0
       0
       0
       0
       0
       1
       1
       0
       0
       0
       0
       0
       0
       1
       0
       0
       0
       0
       1
       0
       0
       0
       0
       1
       1
       1
       0
       0
       0
       0
       0
       0
       1
       0
       0
       0
       0
       1
       0
       1
       0
       0
       0
       0
       0
       1
       0
       0
       1
       0
       0
       0
       0
       0
       0
       0
       0
       0
       0
       0
       0
       0
       1
       0
       0
       0
       0
       0
       0
       0
       0
       1
       0
       0
       1
       0
       0
       1
       0
       0
       0
       0
       0
       0
       0
       1
       0
       0
       0
       1
       0
       1
       0
       0
       1
       0
       0
       0
       0
       0
       0
       0
       0
       0
       0
       0
       0
       0
       0
       0
       0
       0
       0
       1
       0
       0
       1
       0
       1
       0
       0
       1
       0
       0
       0
       1
       0
       0
       0
       2
       0
       0
       0
       0
       0
       0
       0
       0
       0
       0
       0
       0
       0
       0
       0
       0
       0
       0
       0
       0
       0
       0
       0
       0
       0
       0
       1
       0
       0
       0
       0
       0
       0
       0
       0
       1
       1
       0
       0
       0
       0
       0
       0
       0
       0
       1
       1
       1
       0
       0
       0
       0
       0
       0
       0
       0
       0
       0
       0
       0
       0
       0
       1
       0
       1
       0
       0
       0
       0
       0
       0
       0
       0
       0
       0
       0
       0
       0
       0
       0
       0
       0
       0
       0
       0
       0
       0
       0
       0
       0
       0
       0
       0
       0
       0
       0
       0
       0
       0
       0
       0
       0
       0
       0
       0
       0
       0
       0
       0
       0
       0
       0
       0
       0
       0
       0
       0
       0
       0
       0
       0
       0
       0
       0
       0
       0
       0
       1
       2
       0
       0
       0
       0
       0
       0
       0
       0
       1
       0
       0
       0
       0
       0
       0
       0
       0
       0
       0
       0
       0
       0
       0
       0
       1
       0
       0
       0
       0
       0
       0
       0
       1
       0
       0
       0
       0
       0
       0
       0
       0
       0
       1
       1
       0
       0
       0
       0
       0
       0
       0
       0
       0
       0
       0
       0
       0
       0
       0
       1
       0
       0
       0
       0
       0
       0
       0
       0
       0
       0
       0
       0
       0
       0
       1
       0
       0
       0
       0
       0
       0
       0
       0
       0
       0
       0
       0
       1
       0
       0
       0
       0
       0
       0
       0
       0
       0
       0
       0
       0
       0
       0
       0
       0
       0
       1
       0
       1
       0
       0
       0
       0
       0
       0
       0
       0
       0
       0
       0
       0
       0
       0
       0
       0
       1
       0
       0
       1
       1
       0
       0
       0
       0
       0
       0
       0
       0
       0
       2
       0
       0
       0
       1
       0
       0
       0
       0
       0
       0
       0
       0
       0
       0
       0
       0
       0
       1
       0
       0
       0
       0
       0
       0
       0
       0
       1
       1
       0
       0
       0
       0
       0
       0
       0
       0
       0
       0
       1
       0
       0
       0
       0
       0
       0
       0
       0
       0
       0
       0
       0
       0
       0
       0
       0
       0
       0
       0
       0
       0
       0
       0
       0
       0
       0
       0
       1
       0
       0
       0
       0
       1
       0
       0
       0
       0
       1
       0
       0
       0
       0
       0
       1
       0
       0
       1
       0
       0
       0
       0
       0
       0
       0
       0
       0
       0
       0
       0
       1
       0
       0
       0
       0
       0
       0
       0
       0
       0
       0
       0
       1
       0
       0
       0
       2
       0
       0
       0
       0
       0
       0
       0
       0
       0
       0
       0
       0
       0
       0
       0
       0
       0
       0
       0
       0
       0
       0
       0
       0
       0
       0
       1
       0
       0
       0
       0
       0
       0
       0
       0
       0
       0
       0
       0
       0
       0
       1
       0
       1
       0
       1
       0
       0
       0
       0
       0
       0
       0
       0
       0
       0
       0
       0
       0
       0
       0
       0
       1
       0
       0
       0
       0
       0
       0
       0
       0
       0
       0
       0
       0
       0
       1
       0
       0
       0
       0
       0
       0
       0
       1
       2
       0
       0
       0
       0
       0
       0
       1
       0
       0
       1
       0
       0
       0
       0
       0
       0
       0
       0
       0
       0
       0
       0
       0
       0
       0
       0
       0
       0
       0
       1
       0
       0
       0
       0
       0
       0
       0
       0
       0
       0
       0
       0
       0
       0
       1
       0
       0
       0
       0
       0
       0
       0
       0
       0
       0
       0
       0
       0
       1
       0
       0
       0
       0
       0
       0
       0
       0
       0
       1
       0
       1
       0
       1
       1
       0
       0
       0
       0
       0
       0
       0
       0
       0
       0
       2
       0
       1
       0
       0
       0
       0
       0
       0
       1
       1
       0
       1
       0
       1
       0
       0
       1
       0
       0
       0
       0
       0
       0
       0
       0
       0
       0
       1
       0
       1
       0
       1
       1
       0
       0
       0
       0
       0
       0
       0
       0
       1
       1
       0
       0
       0
       0
       0
       0
       0
       0
       0
       0
       0
       0
       0
       0
       0
       0
       0
       0
       0
       0
       0
       0
       4
       0
       1
       2
       3
       2
       2
       1
       4
       0
       1
       0
       1
       1
       2
       2
       2
       0
       3
       0
       1
       1
       1
       3
       4
       1
       2
       4
       2
       4
       1
       2
       0
       1
       1
       1
       2
       0
       1
       1
       6
       3
       1
       0
       1
       0
       0
       2
       2
       2
       2
       0
       1
       0
       1
       1
       0
       1
       0
       2
       3
       3
       1
       1
       1
       3
       2
       0
       1
       1
       2
       0
       3
       2
       1
       1
       2
       3
       2
       0
       0
       3
       1
       0
       0
       1
       1
       0
       1
       0
       3
       2
       1
       0
       1
       2
       1
       3
       0
       2
       1
       3
       1
       0
       0
       4
       2
       3
       0
       1
       0
       1
       2
       2
       1
       0
       0
       4
       0
       0
       2
       2
       1
       0
       2
       0
       3
       1
       2
       0
       1
       3
       0
       2
       3
       2
       3
       2
       0
       1
       1
       2
       1
       2
       2
       2
       1
       0
       1
       0
       0
       1
       0
       1
       0
       2
       1
       2
       0
       0
       1
       1
       2
       0
       0
       0
       1
       5
       0
       3
       0
       0
       0
       3
       1
       0
       2
       0
       3
       3
       0
       1
       0
       0
       1
#$ROI:
#0
#$PRESETS:
#None
#0
#0
#$ENER_FIT:
#0.000000 0.374432
#$MCA_CAL:
#3
#0.000000E+000 3.744323E-001 0.000000E+000 keV
#$SHAPE_CAL:
#3
#6.617742E+000 0.000000E+000 0.000000E+000
