$SPEC_ID:
No sample description was entered.
$SPEC_REM:
DET# 1
DETDESC# NEWTON MCB 338
AP# Maestro Version 6.06
$DATE_MEA:
04/01/2017 02:14:05
$MEAS_TIM:
3048 3055
$DATA:
0 8191
       0
       0
       0
       0
       0
       0
       0
       0
       0
       0
       0
       0
       0
       0
       0
       0
       0
       0
       0
       0
       0
       0
       0
       0
       0
       0
       0
       0
       0
       0
       0
       0
       0
       0
       0
       0
       0
       0
       0
       0
       0
       0
       0
       0
       0
       0
       0
       0
       0
       0
       0
       0
      12
      60
     140
     215
     267
     356
     297
     306
     301
     306
     300
     297
     276
     319
     299
     294
     308
     302
     264
     276
     266
     297
     282
     267
     282
     257
     284
     273
     263
     275
     258
     255
     249
     272
     279
     239
     235
     242
     258
     247
     253
     251
     243
     227
     235
     246
     240
     251
     230
     228
     274
     244
     217
     221
     213
     160
     238
     228
     228
     241
     195
     226
     241
     222
     245
     251
     196
     230
     226
     240
     198
     213
     200
     207
     192
     212
     231
     211
     201
     169
     227
     203
     198
     226
     198
     197
     203
     207
     225
     209
     199
     185
     202
     193
     193
     198
     170
     176
     186
     207
     188
     182
     197
     170
     203
     187
     179
     192
     189
     229
     182
     209
     180
     200
     179
     174
     203
     185
     202
     200
     162
     172
     185
     174
     182
     198
     201
     202
     188
     172
     193
     193
     192
     209
     185
     165
     197
     167
     178
     201
     162
     172
     191
     194
     205
     193
     186
     186
     178
     195
     196
     185
     201
     178
     198
     180
     181
     194
     205
     221
     191
     227
     193
     223
     199
     247
     262
     305
     252
     221
     206
     192
     219
     215
     236
     210
     231
     247
     232
     246
     236
     243
     247
     255
     243
     233
     215
     232
     227
     237
     238
     243
     218
     259
     267
     274
     273
     274
     275
     293
     288
     286
     280
     360
     504
     551
     512
     377
     287
     303
     340
     548
     718
     747
     572
     316
     242
     242
     271
     279
     304
     294
     267
     239
     268
     300
     276
     260
     251
     242
     234
     282
     248
     309
     338
     348
     307
     304
     274
     271
     272
     249
     254
     289
     341
     438
     487
     469
     366
     328
     308
     252
     256
     291
     344
     363
     340
     287
     267
     250
     242
     274
     396
     483
     600
     600
     443
     325
     258
     279
     275
     295
     323
     305
     222
     275
     225
     209
     216
     189
     226
     245
     253
     291
     325
     283
     261
     199
     232
     208
     230
     203
     216
     215
     219
     207
     234
     239
     223
     216
     235
     201
     223
     220
     200
     243
     257
     224
     253
     212
     216
     245
     217
     225
     243
     231
     232
     240
     238
     241
     229
     242
     254
     255
     253
     267
     267
     250
     251
     247
     252
     247
     264
     253
     233
     271
     225
     230
     241
     256
     232
     223
     219
     234
     205
     227
     203
     215
     211
     249
     232
     233
     232
     245
     242
     203
     235
     241
     217
     230
     237
     247
     208
     237
     215
     224
     215
     234
     215
     215
     229
     222
     234
     226
     217
     233
     244
     244
     217
     228
     222
     224
     199
     244
     217
     260
     222
     235
     247
     223
     236
     223
     234
     226
     252
     228
     220
     221
     211
     234
     235
     224
     242
     228
     234
     230
     231
     246
     261
     232
     238
     237
     235
     236
     245
     234
     213
     239
     245
     255
     235
     227
     224
     217
     252
     251
     251
     231
     240
     256
     251
     246
     239
     268
     280
     308
     273
     319
     247
     287
     235
     214
     233
     233
     235
     248
     225
     242
     251
     241
     230
     223
     277
     234
     208
     236
     259
     258
     230
     244
     245
     252
     251
     265
     245
     237
     234
     235
     227
     241
     293
     280
     277
     240
     238
     240
     244
     230
     220
     261
     244
     217
     227
     235
     210
     202
     216
     236
     212
     227
     229
     201
     244
     215
     211
     220
     229
     211
     232
     213
     251
     200
     237
     234
     227
     226
     217
     222
     186
     213
     222
     182
     211
     206
     195
     222
     191
     197
     227
     224
     217
     199
     218
     214
     219
     222
     189
     215
     212
     211
     196
     230
     189
     220
     179
     198
     191
     209
     190
     188
     192
     181
     183
     229
     196
     190
     207
     227
     267
     198
     236
     227
     189
     221
     189
     206
     215
     192
     201
     222
     211
     207
     196
     234
     224
     182
     220
     202
     227
     211
     237
     182
     219
     253
     355
     609
     787
     868
     752
     538
     327
     213
     200
     185
     167
     159
     211
     185
     186
     219
     200
     163
     174
     182
     204
     197
     165
     159
     176
     181
     196
     191
     148
     178
     177
     188
     194
     195
     171
     181
     183
     188
     177
     197
     187
     173
     163
     195
     175
     158
     166
     186
     188
     169
     188
     198
     179
     176
     152
     170
     182
     170
     207
     184
     190
     168
     148
     186
     158
     156
     169
     183
     210
     169
     181
     156
     173
     182
     172
     166
     142
     160
     187
     160
     146
     170
     151
     139
     181
     164
     152
     160
     155
     176
     159
     179
     176
     171
     146
     139
     160
     165
     179
     152
     166
     173
     157
     165
     152
     140
     129
     150
     158
     160
     158
     132
     160
     140
     148
     136
     166
     166
     159
     171
     131
     145
     143
     153
     156
     141
     148
     134
     135
     136
     125
     138
     159
     153
     170
     152
     136
     150
     139
     139
     148
     166
     138
     149
     138
     129
     142
     173
     135
     142
     148
     145
     142
     129
     133
     140
     115
     121
     150
     129
     150
     123
     127
     138
     135
     134
     141
     135
     145
     173
     184
     184
     173
     130
     125
     141
     132
     162
     146
     174
     146
     170
     131
     123
     137
     160
     153
     225
     414
     640
     765
     754
     525
     269
     170
     127
     140
     111
     113
     141
     127
     106
     107
     127
     122
      99
     109
     108
      99
     114
     115
     113
     127
     136
      99
     126
     118
     123
     133
     100
     123
     104
     127
      97
     138
     115
     116
     117
     128
     111
     134
      97
     116
     116
     113
     134
     122
     122
     148
     131
      99
     110
     113
     132
     118
     140
     158
     144
     144
     131
     126
     108
     113
      87
     113
     115
     110
      97
      94
     107
     105
     107
     115
     105
     118
     113
     106
     110
     106
     110
     109
      94
     113
     117
     113
      98
      95
     106
     113
     132
     123
     134
     147
     139
     135
     110
     137
     131
     156
     152
     136
     110
     106
      87
      90
      98
     134
     134
     134
     115
     140
     135
     124
     107
     106
     103
     109
     114
      96
      79
      97
      96
      96
     102
      95
     113
     104
     103
     105
     120
      99
     105
      98
     103
     113
     107
     100
      98
     108
     103
     127
      99
      97
     106
     104
      99
     112
     114
     104
     104
     104
      90
     105
     104
     109
     114
      91
      98
     107
     107
      96
      96
      95
     114
     104
      98
     105
      94
      95
      94
     104
      88
      95
     134
     184
     339
     701
    1128
    1414
    1305
     932
     532
     249
     137
      98
      93
      80
      84
      87
      84
      97
      77
      77
      87
     112
      87
      86
      95
      89
      81
      77
      76
      96
      76
      76
     106
      87
      94
      88
      81
      87
      86
      67
      76
      75
      86
      88
      76
      92
      84
      83
      73
      76
      92
      69
      71
      91
      89
      91
      74
      65
      79
      66
      84
      71
      79
      75
      85
      94
      75
      71
      91
      90
      87
      91
      88
      80
      87
      71
      74
      70
      73
      89
      80
      81
      86
      70
      75
      87
      71
      72
      80
      76
      95
      84
      75
      90
      84
      75
      77
      83
      92
      98
      76
     100
      78
      81
      84
      82
      77
      86
      62
      74
      85
      63
      82
      77
      77
      75
      66
      65
      70
      77
      86
      75
      88
     101
      66
      79
      71
      73
      69
      73
      89
      75
      69
      78
      91
      84
      85
      92
      72
      88
      69
      57
      79
      58
      75
      79
      79
      95
      85
      78
      75
      86
      91
      67
      87
      57
      81
      81
      67
      66
      62
      78
      61
      83
      75
      76
      91
      73
      66
      77
      76
      73
      69
      89
      79
      70
      75
      83
      76
      91
      82
      73
      79
      84
      67
      86
      77
      92
      82
     141
     220
     436
     827
    1461
    1987
    2237
    1784
    1198
     606
     273
     111
      84
      64
      69
      74
      76
      63
      60
      52
      61
      67
      60
      57
      54
      58
      63
      55
      58
      48
      52
      49
      69
      58
      53
      70
      50
      62
      56
      45
      53
      53
      54
      70
      58
      57
      62
      59
      65
      52
      53
      58
      47
      53
      56
      54
      52
      60
      53
      59
      56
      62
      55
      59
      58
      45
      43
      53
      48
      56
      49
      55
      71
      52
      65
      59
      50
      68
      66
      58
      49
      49
      53
      60
      41
      48
      58
      51
      62
      63
      64
      60
      54
      75
      48
      62
      60
      56
      53
      48
      51
      57
      56
      60
      58
      42
      46
      68
      43
      57
      66
      54
      61
      53
      56
      50
      64
      61
      63
      63
      59
      62
      67
      71
      71
      70
      54
      76
      59
      74
      84
      76
      68
      53
      63
      52
      40
      63
      68
      54
      56
      54
      53
      57
      43
      53
      54
      69
      62
      52
      58
      61
      54
      53
      50
      55
      50
      57
      57
      44
      57
      76
      50
      51
      59
      61
      74
      52
      57
      62
      68
      63
      82
      80
      61
      72
      71
      42
      56
      64
      56
      71
      58
      57
      78
      60
      67
      63
      54
      58
      64
      53
      64
      66
      60
      63
      73
      55
      63
      52
      53
      61
      46
      58
      56
      47
      57
      47
      57
      54
      60
      48
      58
      54
      58
      51
      69
      59
      46
      50
      39
      61
      62
      45
      49
      62
      50
      56
      51
      58
      55
      57
      45
      66
      56
      67
      67
      48
      46
      55
      50
      40
      66
      59
      57
      47
      52
      67
      54
      44
      62
      65
      56
      60
      49
      50
      48
      55
      50
      62
      53
      65
      56
      70
      37
      46
      34
      57
      45
      52
      44
      50
      45
      47
      54
      35
      43
      47
      42
      46
      45
      46
      38
      45
      56
      36
      37
      46
      40
      43
      49
      53
      44
      33
      46
      44
      48
      43
      45
      52
      39
      49
      46
      46
      39
      52
      44
      37
      35
      41
      39
      51
      52
      31
      41
      34
      48
      43
      44
      49
      53
      55
      37
      42
      44
      38
      54
      32
      48
      40
      37
      39
      43
      42
      40
      38
      41
      43
      42
      43
      37
      40
      40
      49
      42
      46
      48
      38
      57
      47
      38
      59
      39
      36
      44
      39
      41
      37
      34
      45
      48
      34
      43
      47
      37
      35
      41
      32
      39
      39
      42
      34
      41
      40
      35
      40
      31
      44
      35
      34
      42
      36
      49
      48
      42
      46
      30
      33
      39
      24
      38
      24
      28
      40
      44
      27
      34
      35
      44
      43
      36
      42
      36
      38
      30
      30
      26
      32
      28
      38
      29
      27
      39
      43
      48
      34
      46
      38
      44
      38
      31
      33
      38
      44
      30
      37
      44
      35
      33
      31
      43
      44
      42
      34
      44
      54
      49
      46
      50
      33
      39
      31
      25
      32
      36
      37
      28
      30
      29
      31
      25
      31
      36
      31
      45
      48
      36
      30
      60
      44
      49
      45
      36
      38
      40
      21
      34
      30
      35
      31
      36
      37
      31
      42
      34
      27
      21
      36
      31
      40
      20
      27
      36
      35
      25
      32
      32
      26
      20
      32
      37
      30
      30
      30
      31
      27
      30
      29
      28
      25
      29
      31
      22
      27
      28
      27
      34
      21
      29
      36
      41
      26
      29
      34
      22
      32
      35
      38
      32
      27
      27
      31
      37
      14
      28
      41
      25
      26
      29
      38
      32
      37
      41
      42
      37
      56
      46
      38
      55
      31
      41
      44
      31
      33
      32
      36
      36
      32
      31
      35
      27
      30
      27
      26
      30
      28
      22
      23
      31
      24
      35
      20
      32
      26
      31
      27
      25
      26
      28
      31
      36
      29
      32
      25
      26
      25
      33
      31
      19
      19
      25
      28
      22
      32
      19
      33
      26
      25
      28
      26
      36
      34
      30
      23
      32
      21
      24
      22
      31
      24
      21
      31
      27
      33
      24
      29
      26
      31
      24
      32
      30
      39
      26
      40
      31
      27
      33
      19
      37
      28
      22
      32
      31
      20
      25
      26
      27
      30
      32
      36
      34
      20
      20
      34
      30
      24
      23
      26
      32
      23
      25
      34
      42
      36
      39
      38
      17
      31
      37
      37
      30
      32
      21
      42
      26
      20
      22
      34
      34
      24
      33
      29
      23
      29
      22
      22
      30
      30
      30
      34
      25
      26
      25
      26
      29
      26
      24
      30
      24
      23
      31
      24
      42
      26
      33
      26
      30
      26
      26
      26
      25
      29
      25
      31
      27
      30
      21
      40
      29
      29
      24
      22
      28
      30
      23
      33
      21
      42
      36
      22
      24
      23
      35
      23
      26
      30
      28
      34
      24
      25
      22
      22
      35
      30
      20
      23
      24
      24
      28
      21
      29
      26
      24
      29
      28
      35
      21
      35
      28
      26
      25
      33
      27
      32
      27
      28
      26
      31
      26
      26
      31
      16
      24
      34
      24
      22
      24
      34
      16
      21
      21
      24
      22
      25
      17
      25
      23
      28
      29
      36
      35
      30
      32
      17
      29
      21
      26
      18
      33
      22
      33
      26
      29
      27
      25
      24
      25
      25
      29
      26
      25
      21
      21
      18
      29
      27
      37
      17
      23
      25
      25
      20
      24
      22
      22
      24
      21
      24
      28
      28
      20
      19
      31
      23
      32
      34
      32
      24
      30
      28
      17
      16
      20
      30
      32
      25
      28
      19
      22
      24
      28
      26
      21
      29
      24
      25
      24
      22
      19
      26
      20
      26
      25
      31
      22
      25
      31
      21
      20
      26
      30
      18
      27
      29
      33
      33
      25
      45
      60
      86
     117
     154
     306
     477
     700
     946
    1080
    1139
    1001
     797
     588
     307
     156
      87
      34
      21
      25
      28
      14
      13
      14
      18
      17
      27
      18
      20
      18
      22
      24
      17
      15
      16
      11
      24
      16
      14
      12
      14
      21
      14
      22
      18
      20
      20
      18
      10
      13
      12
      15
      21
      16
      13
      17
      12
      20
      13
      19
      15
      12
      16
      20
      21
      23
      16
      18
      15
      15
      19
      17
      17
      19
      18
      14
      21
      18
      27
      15
      22
      19
      29
      11
      15
      17
      18
      20
      19
      26
      10
      20
      25
      24
      14
      14
      19
      16
      19
      14
      20
      21
      29
      13
      19
      17
      22
      20
      25
      15
      18
      16
      27
      21
      23
      23
      21
      15
      18
      24
      16
      23
       9
      15
      22
      20
      20
      24
      16
      15
      15
      13
      16
      13
      17
      17
      14
      15
      18
      19
      14
      18
      18
      19
       9
      24
      15
      15
      13
      18
      22
      22
      16
      21
      20
      14
      20
      13
      25
      13
      18
      10
      19
       8
      15
      10
      15
      15
      22
      21
      15
      20
      16
      15
      11
      20
      23
      20
      18
      22
      16
      20
      22
      16
      16
      17
      14
      19
      21
      21
      25
      16
      24
      26
      25
      46
      44
      49
      56
      44
      39
      42
      22
      20
      18
      18
      15
      24
      19
      10
      17
      12
      17
      15
      18
      14
      24
      12
      19
      16
      20
      18
      17
      11
      22
      18
      18
      16
      17
      15
      16
      18
      16
      15
      15
      13
      22
      15
      16
      21
      17
      17
      11
      18
      22
      12
      16
      20
      19
      11
      17
      17
      19
      10
      28
      21
      21
      22
      19
      18
      22
      20
      23
      18
      25
      14
      14
      24
      12
      17
      17
      14
      15
      14
      12
      18
      26
      25
      13
      11
      12
      17
      23
      16
      19
      14
      16
      14
      22
      18
      20
      13
      18
      23
      19
      22
      24
      15
      16
      15
      18
      12
      17
      20
      21
      27
      21
      17
       9
      20
      22
      13
       7
      18
       7
      20
      17
      25
      26
      22
      27
      28
      30
      35
      23
      31
      26
      21
      20
      22
      25
      20
      25
      20
      15
      23
      21
      22
      21
      15
      21
      23
      23
      12
      29
      17
      22
      11
      24
      14
      13
      20
      14
      16
      14
      11
       8
      16
      15
      18
      10
      14
       7
      15
      17
      14
      10
      14
      12
      12
      23
      26
      18
      25
      24
      20
      18
      24
      25
      19
      27
      19
      22
      20
      18
      16
      21
      20
      17
      11
      16
      14
      14
       9
      18
      19
      17
      19
      17
      21
      22
      16
      20
      14
      22
      13
      17
      15
      15
      19
      12
      18
      16
      20
      15
      15
      17
      22
      14
       9
      17
      12
      22
      10
      12
      14
      13
      17
      16
      13
      21
      12
      11
      14
      18
      14
       7
      13
      17
      18
      21
       9
      27
       9
      22
      17
      14
      14
      22
      20
      21
      22
      27
      28
      28
      20
      22
      29
      26
      20
      15
      21
      28
      16
      18
      22
      11
      14
      13
      18
      15
      21
      13
      16
      15
      19
      15
      18
      16
      10
      25
      11
      13
      11
      14
      18
      19
      13
      23
      17
      20
      15
      24
      13
      22
      13
      21
      10
      15
      15
      15
      18
      13
      24
      14
      24
      22
      17
      15
      24
      13
      14
      22
      21
      23
      15
      12
      12
      22
      16
      17
      15
      21
      24
      14
      15
       8
      20
       9
      26
      21
      27
      26
      25
      35
      54
      47
      59
      72
      63
      87
      87
      95
     106
      91
      60
      42
      28
      22
      31
      17
      15
      14
      10
      16
      15
      12
      22
      19
      13
      12
      21
      21
      19
      16
      18
      18
      26
      20
      15
      12
      15
      18
      20
      17
      17
      15
      14
      14
      12
       9
      13
      14
      23
      19
      20
       9
      20
      14
      16
      20
      18
      17
      13
      17
      29
      23
      33
      35
      34
      41
      37
      22
      27
      24
      23
      14
      18
      12
      17
      17
      21
      13
      17
      18
      13
      13
      19
       9
      12
      12
      16
      20
      19
      14
      15
      10
      15
       8
      12
      19
      11
      13
      16
      17
      16
       8
      18
      18
      11
      17
      10
      15
      10
      14
      17
      12
      22
      22
      14
      22
      23
      14
      18
      12
      15
      14
      19
      23
       9
      24
      15
      20
      21
      31
      37
      50
      23
      24
      45
      30
      35
      33
      20
      13
      14
      12
      26
       7
      12
      12
      16
      16
      19
      17
      19
      14
      12
      18
       6
      13
      11
      16
      15
      12
      23
      19
      12
      14
      13
      12
      16
      19
      10
      27
      19
      22
      13
      15
      16
      15
      10
      14
      18
      11
      28
      17
      16
      16
      15
      14
      17
       9
      18
      15
      21
      11
       9
      17
      16
      14
      24
      13
      12
      20
      18
      14
       7
      11
      12
      17
      13
      18
      17
      14
      19
      14
      18
      16
      15
      14
      23
      17
      18
      21
      21
      14
      23
      18
      16
      13
      21
      17
      14
      19
      15
      18
      11
      20
      19
      11
      16
      14
      15
      24
      18
      26
      27
      20
      21
      31
      30
      28
      18
      17
      12
      16
      14
      12
      18
      11
      14
      21
      19
      13
      14
      15
      10
      18
      16
      13
      20
      12
      17
      13
      15
      10
      18
      15
      16
      15
      23
      14
      19
      19
      17
      20
      13
      21
      12
      27
      18
      15
      23
      17
      16
      11
      24
      13
      12
      19
      13
      13
      18
      20
      21
      15
      18
      17
      15
      18
      19
      15
      21
      14
      17
      17
      17
      11
      19
      15
      30
      11
      17
      18
      18
      15
       8
      17
      13
      15
      23
      15
      12
      16
      17
      18
       7
      21
      14
      18
      19
      14
      18
      10
      15
      14
       7
      12
      19
      18
      22
      11
       8
      18
      18
      19
      16
      16
      18
      21
      13
      20
      15
      12
      18
      12
      15
      25
      19
      17
      17
      13
      13
       7
      14
      11
      14
      24
      15
      18
      13
      21
      21
      13
      18
      12
      20
      15
      20
      19
      14
      24
      19
      15
       9
      19
      21
      15
      12
      19
      17
      19
      15
      17
      19
      13
      12
       9
      10
      12
      16
      11
      23
      18
      14
      13
      11
      12
      18
      12
      14
      16
      16
      11
      13
      15
      17
      12
      17
      15
      14
      20
      14
      12
      15
      18
      16
      13
      12
      19
      16
      21
      12
      16
      12
      20
      15
      14
      21
      17
      16
      23
      12
      22
      19
      20
      15
      19
      11
      13
      23
      17
      18
      19
      17
      14
      13
      14
      11
      16
      16
      13
      11
      19
      14
      13
      16
      12
      11
      15
      14
      14
      14
      14
       9
      13
      19
       9
      19
      15
      18
      12
      15
       7
      29
       9
      14
      12
      18
      17
      20
      17
      16
      15
      14
      18
      14
      15
      12
      15
      12
      12
      17
      12
      12
      10
      10
      16
      16
       6
      18
      17
      17
      17
      15
      17
      12
      10
      18
      10
      14
      14
      16
      15
      13
      21
      12
      18
      15
      14
      21
      14
      10
      13
      10
       9
      17
       9
      14
      10
      13
      20
      24
      14
      15
      16
      14
      19
      23
      25
      28
      48
      40
      50
      67
      59
      57
      47
      45
      28
      35
      28
      27
      21
      15
      11
      13
      24
      17
      12
      12
      11
      10
      16
      12
      13
      11
       8
      11
      10
      13
      12
      11
      13
      14
      10
      13
      15
      17
      13
       7
      11
      20
       9
      20
      12
       5
       8
      16
      14
       6
      11
      11
       9
      20
      13
       7
      15
      13
      13
      14
      14
      15
      14
      14
       9
       8
      14
      12
      16
      19
      12
       7
       9
      12
      15
      14
      10
      14
      11
       7
      11
      18
      12
      13
       7
       7
       9
       9
       9
      13
      14
      18
       5
      15
      16
      11
      10
      11
      15
      12
      14
      12
      17
      17
      20
      22
      23
      12
      13
      18
      12
      11
      14
      17
      15
      16
      12
       9
      16
      11
      27
      10
      16
      14
      15
      11
      10
      13
       9
      19
      10
      14
       9
       8
       8
       8
      11
      10
       9
      18
      14
      10
      15
      16
       8
      16
      14
      10
       1
      11
      11
      11
      12
      15
      10
      18
      11
       9
      13
       9
      10
      12
       9
      11
      14
      14
      12
      13
      14
      13
       6
      15
      10
      11
      17
      14
      13
      13
      11
      14
      10
      13
      16
      13
       9
       9
      13
      12
      14
      11
       7
      13
      16
      16
      11
      11
      14
      11
       9
      17
      22
      12
      10
       8
      13
      11
      17
       9
      11
       7
      15
      13
      13
      13
       9
      18
       9
       7
      18
      10
      16
      13
      13
      15
      18
      19
      17
      10
      22
      23
      16
      16
      14
      13
      13
      17
      14
       9
      13
      10
      11
      12
      13
       9
       8
      10
      13
      10
      10
       9
       8
      12
      20
       8
      15
      12
      11
      12
      15
      17
      18
      12
      11
      14
       6
      17
      11
       9
       6
       5
       8
      14
       9
      16
      10
      15
      13
      17
      21
      11
      12
      13
      16
      11
      11
      17
      13
       9
      13
      10
      11
      12
      13
      10
      10
       9
      11
      11
      15
       8
      10
      11
      16
      11
      10
       5
      16
      14
      10
      13
      10
       9
      10
       7
      16
      10
      12
      11
       8
      14
      15
       7
       4
      14
       9
       8
       5
      10
      13
       8
       9
       6
      11
       9
       6
      16
      15
      14
      12
       9
       8
      12
      13
      15
      16
      13
      10
      11
      10
       8
      10
       8
      13
       8
       6
       6
      13
       8
      10
       8
       9
       7
       7
      16
      11
      11
      10
       8
      16
       9
      12
       8
      10
       9
       8
       9
      10
       5
      11
      12
       8
       9
      11
       7
       7
       9
      11
       9
      11
      14
       9
      12
      13
      12
       8
       8
      10
      10
       8
      10
      14
       9
      19
      10
      11
      10
      11
      12
       9
      12
      10
       8
      14
       6
       9
       9
       9
       8
       8
       9
      10
       7
      10
      11
      12
      10
      14
       6
       5
       5
      11
      15
       9
      12
      14
       6
       9
       8
       9
      13
       5
       7
      11
       7
       7
      16
      16
      10
       8
      10
       6
      10
      11
      12
      17
      14
       9
       8
      12
       7
      12
      20
      16
      13
      17
      11
       8
       6
       9
       7
      10
      12
       8
       9
      15
      10
      17
      12
       8
      11
       7
      10
      12
       3
      12
      10
      10
       7
       6
      15
      12
       9
       6
       8
       9
       8
       6
      14
      11
      11
       9
       6
       6
       5
      11
      11
       9
      12
      10
      19
      12
       5
      11
      10
       6
       9
       3
       7
      11
       6
      12
      12
       6
       9
       8
      10
       7
      16
       5
       9
       7
      13
      13
      10
       7
       9
       8
      15
      11
      10
       7
       9
       9
      10
      11
      16
      15
       9
       6
      18
      13
       3
       7
      12
       9
      13
      10
       6
      10
      10
       8
       6
       8
      13
      11
       7
       9
      11
      10
      12
      12
      11
      10
       4
       8
      11
       9
      17
       8
       8
       9
      14
      11
      10
      10
       6
       7
       6
       9
       5
      12
      12
      10
      12
      14
       9
       7
       7
      11
      15
       7
      10
       7
      11
       8
       5
       7
      12
      11
      10
       8
      13
      17
      18
       9
      13
      20
      14
      25
      36
      47
      62
      85
      98
     116
     159
     161
     138
     142
     161
     126
     105
      87
      69
      47
      30
      21
      17
      13
      15
      14
       3
      10
      11
      11
       6
       6
      15
       8
      11
      14
      11
      14
      10
       7
       4
      11
       9
      14
       6
       8
       6
       7
      10
      17
      13
      14
      14
       7
      18
       5
      12
      10
      12
      11
       8
      18
      11
      11
       7
       7
      16
       7
       6
      13
       4
      10
       6
       8
       7
      12
      10
       7
       5
       8
      17
      10
      11
       9
       8
       5
       9
      15
       9
       9
       7
       7
       4
       7
       6
      11
       5
       9
      12
      10
       8
      10
      11
      10
       9
       6
      14
      10
      12
       4
      10
      13
       8
       5
      12
       9
       8
      11
       5
      11
      11
       8
      11
      20
      19
      18
      24
      18
      26
      33
      22
      21
      26
      27
      19
       9
       8
       8
       7
      11
      15
      10
       4
       9
       6
      14
       4
       7
       7
       7
       9
      10
      13
      12
       4
      10
       7
       7
      11
       8
       8
      12
      10
       6
       7
      12
       5
      10
       2
       6
       8
       6
      13
       6
      10
       9
       8
       6
       9
       6
       7
      12
       8
       8
      12
      12
       3
      12
       9
      13
      12
       6
       4
       8
       4
       5
       9
      14
       4
       8
      15
      15
       9
      10
      15
       8
       7
       5
       8
       5
       5
       7
       8
       7
       7
      15
      10
      13
      14
      10
      13
      11
      11
       8
      11
      15
      13
       9
      10
      10
       5
       9
      13
       6
       3
       7
       8
      11
       2
       6
       7
       6
      11
       9
       8
      11
       6
       6
       8
      12
       7
      10
       7
       8
       9
      10
       6
      10
      10
      12
       8
       8
      12
      13
       6
       9
       6
       7
       6
       1
       8
       4
       8
       7
       8
       5
       3
       4
       5
       7
       6
       5
       4
       9
       6
      10
      10
       9
       6
       9
      13
       9
      13
       9
       7
      15
       4
       8
       6
      14
       8
       6
      12
      14
      15
      13
      10
      12
       9
      11
      16
       9
      11
       5
       9
       3
       8
      12
       5
       6
       7
       5
      10
       6
       9
       7
       7
       5
      10
       5
       7
       9
       8
       6
       5
       3
      10
       8
       7
       2
       8
       9
      10
       7
       9
       8
       8
      12
       8
       7
       5
       6
       9
       6
       4
       8
       4
       1
       7
      10
       9
       8
       3
       8
       8
       6
      13
      11
       8
       5
       7
       9
       3
       8
       5
       6
       7
      10
      10
       3
      10
       6
       8
       6
       6
       8
       9
       8
      10
      10
      10
      13
       7
       7
      11
       9
      13
      15
      21
      28
      31
      33
      47
      35
      54
      45
      54
      65
      52
      51
      43
      46
      34
      21
      25
      13
       7
       8
      11
       8
       5
       5
       6
       7
       6
       2
       5
       7
       6
       4
       7
       5
       6
       3
      15
       7
       9
       4
       5
       5
       8
       6
       2
       8
       7
      11
       8
       9
      10
       7
       6
      11
      11
      11
       6
       7
      16
      13
      13
      10
      12
      13
       9
       5
       8
       9
       6
      10
       9
       2
       6
       6
       9
       3
      10
       6
       8
       8
       5
       7
       8
       7
       9
       5
       8
      13
       4
       2
       7
       7
      11
       9
       7
       6
       2
       5
       5
       9
       8
       8
      13
       3
       8
       4
       7
       5
       8
       7
       5
       8
       3
       6
       9
       3
       8
      10
      11
      14
       5
       7
       9
       7
      10
      11
       3
       4
       5
       7
      10
      11
       8
       8
       7
       5
       9
      14
      10
       8
      11
       4
       6
      17
       8
       6
      13
      11
      18
       9
      22
      18
      16
      18
      23
      12
      16
      15
       8
      14
       8
       8
       4
       9
       8
       6
       8
       7
       8
       7
       5
       5
       6
       8
       9
      10
       9
       6
       4
       7
       9
       2
       8
       4
       3
      11
       5
       7
       5
       5
       9
       7
       9
       8
       9
       7
       6
      11
       3
       4
       7
       4
       6
       7
      11
       6
      11
       7
       9
       5
       2
       7
       4
       5
      10
       5
       4
      10
       3
       8
       4
       5
       8
       6
       5
       5
       7
      10
      10
       8
       9
       7
       7
       6
      13
       6
       5
       5
       7
       4
       9
       6
       6
       6
       5
       9
       4
       9
       6
       6
       4
       7
       6
       9
      10
       9
      11
       6
       7
       6
       8
       5
       6
       5
      10
       5
       6
       9
       9
      11
       6
       6
      10
       2
       7
       8
       6
       7
      10
       3
       3
       6
       6
       2
       9
       0
       6
      10
       6
       8
       7
       6
       5
       1
       6
      13
       8
       5
       9
       6
      13
       6
       8
       6
       8
       6
       8
       7
       4
       4
       9
       3
       9
       5
       9
       4
       6
       8
       6
       4
       8
       7
       8
       5
       6
       3
       7
       8
       3
       5
      11
       2
       5
       6
       7
       6
       3
      10
       6
       9
       3
       3
       7
       1
       9
       6
       4
      10
       7
       5
       7
       3
       8
       5
       2
       7
       5
       8
       8
       7
       6
       6
       4
       7
       4
       8
      10
       3
       9
       5
       5
       7
       6
       7
       4
       4
      13
       5
       4
       3
       9
       8
       7
       7
       4
       7
       9
       3
       4
       9
       7
       5
       5
       4
       6
       8
       7
       9
      11
       2
       8
       6
       6
       7
       9
       7
       8
       6
       7
      11
       4
       7
       3
       8
       6
       5
       6
       6
       5
       7
       7
       5
       7
       7
       7
       8
       4
       6
       3
       5
       7
       4
       6
       8
       8
      12
       6
       6
       6
       6
       6
       5
       4
      10
      10
       6
       4
       5
       8
      10
       7
      11
      11
       5
      12
       7
       8
       5
       5
      11
       8
      14
       6
       5
      11
      15
      13
      17
      13
      20
      27
      29
      35
      29
      30
      34
      34
      27
      27
      30
      20
      24
      22
      19
      10
      11
      10
       6
       6
      10
       7
       5
       6
      10
       5
      10
      15
      14
      14
      12
      17
      14
       7
       7
      11
      10
       7
      13
       5
       5
       8
       3
       6
       4
       2
       6
       6
       4
       6
       7
       4
       9
       7
      10
       7
       3
       4
       7
       8
       9
       6
       7
       4
       5
       9
       9
       6
      14
       9
       8
       9
       7
       8
       8
       8
      13
      10
       7
      11
       8
       8
      12
      10
      13
      14
      24
      21
      20
      16
      12
      12
      17
       8
      12
       9
       7
      10
      10
      16
      15
      11
      20
      20
      19
      21
      21
      24
      16
      19
      22
      12
      22
      13
       9
       8
       7
       8
      10
       8
       6
       4
      14
       9
       8
       7
       2
       4
       6
       6
       9
       8
       8
       6
       7
       7
       4
      10
       9
       9
       4
       2
      10
       9
       4
       4
       5
       9
       6
       3
       4
       7
       3
       8
       6
       6
       6
       9
       8
       6
       6
       6
       7
       7
       6
       7
       8
       8
       6
      12
       8
       9
       3
       9
       7
       4
       8
       5
       5
      12
       4
       5
       6
       8
       5
       4
       6
       7
       9
       6
       9
       5
       6
       6
       7
       6
       4
      10
       4
       8
       9
       8
       6
       7
       8
       4
       5
       8
       8
       5
       4
       9
       6
       3
       4
       5
      13
       7
       7
       7
       6
      10
       8
       9
       5
       8
       8
       5
       2
       6
       8
      10
       3
       8
       7
       2
       3
      10
       5
       6
       5
       6
       7
       9
       3
       8
       5
       5
       5
      10
       5
       9
       3
       6
       8
       5
       8
       6
       5
       4
       5
       6
       9
      10
       9
       9
       4
       5
       8
       7
       7
       7
       6
       9
       9
       6
       8
       8
      15
      16
      14
       8
       8
       4
      14
       9
       9
       8
       7
      14
      14
      11
       8
       7
       9
       9
       5
       4
       6
      12
       7
       3
       4
       4
       5
      11
       4
       4
       6
       6
       7
       6
       4
       5
       7
       5
      11
       7
       7
       8
       5
       6
       2
       6
       6
       8
       5
       5
       6
       4
       3
       3
       9
       6
       7
       7
       3
       8
       9
       7
       1
       5
       5
       5
       8
      11
       9
      11
       4
       4
       7
       5
       5
       9
       6
      11
       8
      11
       6
       8
       7
       5
       4
       6
       3
      10
      12
      12
       7
      13
       4
       7
       7
       7
       8
      11
       2
       7
       8
       8
       4
       7
       7
       7
       4
       3
       5
      15
       6
      15
       4
       4
       7
       8
       9
       7
       8
       5
       9
       7
       2
       8
       4
       9
       4
       4
       5
       7
       8
      10
      10
       8
       6
       4
      10
       7
       7
       5
       6
       6
       7
       7
      11
       6
       3
       6
       6
      13
      11
       7
       6
       5
      12
       9
       8
      11
       6
      14
      11
      12
      15
      21
      20
      27
      21
      18
      21
      26
      12
      18
      24
      23
      15
       9
      14
       5
      10
      14
       4
       6
       9
       8
       6
       6
       6
       5
       7
       9
       5
       8
       8
       7
       7
       5
       6
       6
       5
       5
       6
       7
       6
      12
       7
       7
      10
      10
       5
       3
       9
      10
       6
       7
       8
       8
       9
       8
       5
      12
      10
       9
       5
       5
       8
       7
      13
       4
       6
       8
       6
      14
       8
      12
       5
       7
       8
       4
       4
       6
      11
       9
       7
       3
       8
       4
       5
       1
       6
       8
       3
       6
       7
       9
      10
       6
       6
       7
       7
       4
       5
      10
       5
       8
       8
       9
       8
      11
       8
       9
       8
       8
      11
       6
       4
       8
       6
      12
      12
       8
       4
       7
       8
       2
       9
       6
       5
       9
       8
       9
       8
       9
       7
       2
       5
       4
       5
       5
       5
       1
       9
       8
       4
       3
      10
       5
       8
       5
       5
       3
       6
       6
       3
       6
       6
       7
       4
       3
       7
       6
       2
       0
       8
       3
       3
       4
       6
       6
       2
       6
       4
       3
       3
       2
       8
      10
       3
       8
       8
       6
       4
       3
       7
       4
      11
       2
       2
       8
       3
       6
       6
       6
       5
       5
       5
       6
       7
       1
       2
       2
       6
       5
       3
       3
       5
       8
       8
       5
       6
       4
       7
       7
       2
       4
       7
       8
       3
       7
       5
       4
       1
       3
       3
       4
       2
       4
       4
       6
       7
       4
       5
       3
       5
       5
       0
       4
       6
       1
       7
       3
       3
       4
       4
       2
       5
       5
       5
       3
       8
       4
      11
       7
      10
       8
       3
       8
      10
       7
       5
       4
      12
       4
       6
      10
       5
       7
       3
       4
       8
       4
       5
       8
       3
       2
       7
       5
       4
       5
       6
       4
       5
       7
       6
       4
       6
       7
       4
       9
       9
       4
       6
       5
       9
      10
       5
       5
       2
       6
       5
       2
       3
       5
       5
       5
       3
       5
       8
       3
       9
       8
       8
       3
       3
       9
       4
       4
       7
       4
       8
       7
       6
       3
       7
       6
       2
      10
       1
       2
       4
       6
       8
       7
       4
       5
       2
       0
       8
       2
       3
       4
       5
       5
       3
       4
       3
       5
       2
       2
       5
       7
       5
       5
       3
       2
       4
       5
       1
       3
       5
       3
       1
       1
       2
       5
       0
       3
       4
       6
       2
       5
       6
       3
       3
       3
       6
       1
       4
       5
       5
       4
       5
       7
       5
       3
       2
       8
       2
       3
       3
       4
       4
       2
       3
       4
       3
       0
       5
       1
       2
       2
       6
       3
       3
       2
       2
       3
       3
       2
       5
       4
       4
       2
       5
       3
       3
       3
       4
       4
       5
       1
       2
       3
       2
       0
       2
       4
       4
       3
       0
       4
       0
       4
       1
       2
       4
       2
       5
       2
       2
       5
       0
       1
       0
       7
       5
       2
       2
       3
       3
       4
       1
       1
       4
       2
       0
       5
       1
       5
       9
       3
       5
       3
       3
       3
       5
       1
       0
       1
       6
       5
       2
       1
       3
       5
       1
       4
       1
       4
       1
       2
       4
       3
       5
       3
       2
       4
       5
       1
       4
       0
       4
       6
       3
       4
       2
       3
       2
       1
       2
       3
       3
       8
       4
       4
       2
       4
       1
       5
       2
       3
       8
       6
      10
       6
      11
       8
      10
       5
       5
       8
      16
      15
       5
       9
       5
       8
       3
       3
       3
       4
       3
       2
       6
       4
       1
       3
       1
       1
       2
       4
       3
       1
       2
       1
       1
       1
       4
       1
       1
       3
       3
       0
       0
       1
       0
       4
       2
       1
       2
       2
       5
       3
       1
       1
       4
       3
       3
       3
       2
       0
       2
       3
       2
       0
       2
       1
       3
       4
       3
       3
       1
       5
       2
       1
       1
       2
       2
       4
       6
       3
       4
       2
       2
       2
       4
       5
       1
       1
       4
       3
       1
       5
       4
       4
       4
       4
       1
       0
       0
       4
       1
       3
       4
       2
       1
       3
       3
       2
       4
       2
       6
       4
       2
       4
       1
       7
       3
       3
       3
       6
       5
       1
       1
       2
       0
       1
       1
       3
       4
       2
       3
       2
       0
       1
       1
       3
       0
       4
       2
       3
       1
       2
       3
       2
       0
       2
       5
       1
       4
       2
       1
       0
       2
       3
       5
       4
       0
       2
       2
       2
       4
       1
       0
       1
       2
       3
       2
       0
       1
       3
       2
       3
       0
       2
       0
       0
       2
       3
       2
       1
       2
       3
       2
       2
       0
       2
       0
       4
       2
       4
       3
       3
       2
       1
       1
       3
       4
       0
       1
       2
       2
       2
       1
       3
       3
       2
       1
       1
       1
       1
       4
       1
       2
       1
       1
       4
       4
       7
       2
       1
       3
       4
       2
       6
       6
       6
      12
       8
       7
       6
      20
      11
      15
      11
      12
      23
      15
      12
      16
      13
      13
      14
       5
      13
      11
       7
       3
       4
       3
       4
       3
       0
       1
       3
       1
       1
       3
       1
       1
       1
       0
       5
       1
       3
       1
       2
       0
       1
       1
       2
       1
       1
       2
       0
       4
       2
       3
       1
       2
       2
       5
       1
       6
       0
       1
       5
       0
       2
       1
       0
       3
       1
       0
       3
       1
       3
       2
       1
       0
       0
       3
       1
       2
       1
       3
       1
       2
       0
       4
       1
       1
       1
       1
       3
       1
       0
       0
       1
       1
       1
       4
       2
       2
       3
       2
       2
       4
       3
       4
       2
       5
       4
       2
       6
       2
       7
      12
      13
      14
      13
      12
      11
      12
      27
      27
      44
      54
      55
      55
      57
      58
      71
      61
      71
      87
      76
      79
      66
      70
      57
      35
      39
      24
      17
      11
       4
       4
       4
       3
       5
       2
       1
       1
       1
       1
       2
       3
       0
       5
       1
       0
       0
       2
       2
       2
       4
       2
       0
       0
       0
       2
       5
       1
       0
       2
       2
       1
       2
       3
       0
       2
       1
       3
       1
       0
       0
       1
       2
       0
       1
       0
       1
       1
       3
       3
       2
       1
       3
       2
       2
       0
       2
       0
       5
       1
       2
       0
       2
       3
       1
       1
       2
       0
       4
       1
       1
       2
       1
       1
       2
       0
       2
       1
       1
       1
       0
       3
       2
       5
       1
       1
       0
       1
       1
       2
       1
       4
       0
       1
       1
       3
       1
       1
       2
       4
       1
       0
       2
       2
       0
       0
       1
       1
       1
       2
       1
       1
       2
       3
       4
       3
       3
       1
       0
       1
       1
       0
       1
       2
       3
       1
       1
       0
       3
       2
       1
       2
       1
       3
       1
       2
       1
       1
       3
       0
       2
       0
       3
       2
       0
       2
       3
       2
       1
       2
       2
       2
       0
       2
       2
       3
       0
       2
       2
       1
       5
       1
       4
       1
       0
       0
       2
       1
       1
       1
       1
       1
       1
       2
       3
       5
       1
       1
       2
       1
       2
       0
       1
       1
       0
       2
       0
       1
       2
       1
       0
       0
       0
       0
       5
       3
       0
       0
       1
       2
       1
       0
       1
       3
       3
       0
       1
       0
       4
       5
       1
       1
       2
       2
       3
       2
       1
       3
       2
       1
       0
       0
       4
       1
       3
       2
       6
       1
       0
       2
       3
       1
       2
       2
       4
       6
       2
       3
       3
       3
       3
       3
       5
       2
       2
       2
       2
       1
       2
       2
       4
       1
       5
       3
       1
       9
       7
       5
      10
      12
       7
      11
       8
       7
       9
      13
      12
      10
      13
      13
       7
       6
       6
      10
       7
       3
       5
       4
       4
       3
       3
       2
       0
       1
       2
       1
       2
       2
       0
       1
       1
       0
       1
       0
       1
       1
       1
       1
       1
       2
       1
       0
       0
       3
       3
       0
       1
       2
       4
       0
       1
       1
       2
       1
       0
       2
       0
       0
       2
       0
       1
       0
       0
       2
       0
       0
       1
       2
       3
       0
       2
       1
       1
       3
       1
       0
       0
       1
       2
       1
       0
       2
       2
       0
       3
       3
       4
       4
       1
       3
       4
       0
       5
       3
       2
       2
       2
       4
       3
       5
       1
       2
       3
       1
       0
       0
       1
       0
       1
       3
       1
       1
       2
       2
       0
       1
       4
       6
       0
       2
       1
       0
       0
       0
       1
       2
       1
       1
       2
       3
       2
       1
       3
       2
       3
       0
       2
       1
       0
       0
       3
       3
       1
       1
       2
       2
       4
       2
       1
       6
       1
       3
       1
       3
       1
       5
       0
       1
       1
       1
       0
       2
       4
       1
       2
       2
       0
       1
       1
       2
       2
       2
       4
       1
       2
       4
       2
       1
       2
       1
       1
       2
       2
       3
       4
       1
       1
       2
       2
       0
       3
       3
       0
       0
       1
       2
       1
       0
       0
       3
       4
       1
       2
       2
       2
       0
       4
       0
       0
       0
       1
       0
       2
       3
       1
       1
       1
       1
       2
       1
       0
       2
       2
       1
       3
       3
       2
       3
       1
       1
       1
       1
       1
       2
       3
       1
       2
       2
       3
       1
       1
       1
       2
       1
       1
       2
       2
       3
       1
       5
       0
       0
       2
       0
       2
       1
       3
       2
       1
       1
       2
       3
       2
       0
       1
       2
       1
       1
       0
       1
       1
       2
       1
       3
       3
       2
       2
       1
       1
       1
       1
       2
       3
       1
       0
       2
       2
       1
       0
       2
       4
       3
       1
       2
       0
       1
       6
       6
       4
       1
       2
       2
       1
       2
       3
       3
       4
       0
       2
       4
       2
       0
       1
       2
       5
       2
       3
       2
       1
       1
       4
       1
       2
       2
       0
       1
       0
       2
       0
       1
       0
       1
       3
       6
       1
       3
       0
       2
       0
       1
       1
       3
       2
       3
       1
       3
       2
       1
       2
       2
       0
       3
       2
       1
       1
       2
       3
       1
       1
       1
       0
       0
       0
       1
       2
       1
       0
       3
       1
       2
       2
       1
       1
       2
       2
       1
       0
       1
       1
       1
       2
       2
       0
       1
       0
       3
       7
       0
       1
       3
       0
       2
       3
       4
       0
       0
       3
       3
       2
       1
       0
       2
       1
       1
       2
       1
       1
       0
       4
       1
       1
       1
       1
       2
       1
       1
       2
       3
       0
       1
       0
       1
       5
       1
       1
       3
       5
       2
       0
       2
       0
       0
       2
       1
       0
       2
       0
       0
       0
       2
       4
       2
       3
       3
       1
       7
       0
       1
       0
       1
       1
       0
       0
       1
       3
       1
       1
       2
       2
       0
       1
       3
       0
       1
       2
       1
       2
       0
       1
       0
       1
       0
       0
       2
       0
       1
       0
       1
       2
       1
       4
       0
       1
       1
       0
       2
       2
       0
       2
       0
       2
       1
       1
       3
       1
       2
       0
       1
       2
       1
       2
       1
       0
       2
       0
       1
       1
       2
       2
       1
       1
       1
       0
       1
       1
       2
       1
       1
       3
       2
       0
       4
       2
       3
       0
       1
       2
       2
       2
       1
       0
       0
       1
       0
       0
       1
       0
       3
       0
       0
       0
       1
       2
       2
       2
       0
       0
       2
       1
       3
       1
       0
       2
       3
       1
       0
       0
       1
       2
       0
       2
       2
       1
       0
       0
       1
       1
       1
       1
       2
       2
       0
       4
       2
       1
       1
       1
       2
       1
       2
       1
       0
       1
       0
       0
       3
       0
       1
       3
       1
       0
       0
       1
       1
       2
       1
       2
       2
       2
       2
       2
       0
       0
       1
       2
       1
       0
       0
       1
       1
       1
       1
       1
       0
       0
       0
       1
       0
       1
       1
       2
       1
       4
       1
       1
       0
       3
       1
       0
       0
       3
       0
       1
       0
       0
       1
       0
       0
       0
       0
       0
       1
       1
       0
       1
       0
       1
       2
       1
       0
       0
       0
       1
       0
       3
       2
       1
       0
       2
       1
       3
       0
       1
       0
       0
       0
       0
       1
       1
       0
       0
       3
       2
       0
       1
       1
       2
       0
       1
       0
       1
       0
       1
       1
       2
       2
       1
       0
       0
       0
       1
       1
       0
       0
       1
       2
       2
       3
       2
       1
       2
       2
       2
       0
       0
       2
       0
       2
       0
       2
       0
       0
       1
       1
       2
       1
       0
       1
       2
       2
       0
       1
       1
       1
       1
       1
       0
       0
       0
       2
       2
       0
       0
       4
       2
       0
       1
       0
       1
       0
       1
       0
       1
       0
       2
       1
       1
       1
       3
       2
       0
       3
       0
       1
       1
       1
       1
       0
       1
       0
       1
       0
       0
       1
       0
       1
       1
       1
       1
       2
       0
       1
       0
       0
       1
       1
       0
       0
       0
       0
       0
       1
       1
       1
       0
       0
       1
       0
       1
       1
       0
       2
       1
       2
       0
       0
       2
       1
       1
       1
       0
       2
       0
       0
       1
       0
       1
       0
       1
       0
       0
       2
       1
       1
       0
       0
       2
       0
       1
       0
       0
       1
       2
       1
       0
       1
       0
       0
       0
       0
       0
       1
       1
       0
       0
       0
       3
       0
       1
       0
       0
       0
       2
       1
       1
       0
       1
       2
       1
       1
       0
       1
       1
       1
       2
       0
       1
       1
       1
       0
       0
       2
       1
       1
       0
       2
       0
       2
       0
       2
       0
       0
       1
       0
       0
       2
       1
       1
       1
       2
       1
       0
       0
       2
       1
       0
       0
       1
       0
       1
       0
       1
       2
       0
       0
       0
       2
       1
       3
       4
       2
       1
       3
       0
       2
       6
       3
       2
       6
       5
       4
       4
       7
       2
       3
       6
       3
       5
       7
       3
       1
       4
       2
       1
       1
       1
       2
       1
       0
       0
       0
       0
       1
       0
       0
       0
       0
       0
       0
       0
       0
       0
       0
       0
       1
       1
       0
       0
       1
       1
       1
       0
       1
       0
       1
       1
       0
       0
       1
       0
       0
       1
       0
       1
       0
       2
       0
       0
       0
       1
       0
       2
       0
       0
       0
       0
       1
       0
       0
       0
       0
       0
       2
       0
       0
       0
       0
       0
       0
       1
       0
       1
       1
       0
       1
       0
       0
       0
       0
       0
       0
       0
       3
       2
       0
       0
       0
       0
       0
       0
       0
       0
       1
       0
       1
       0
       2
       2
       1
       0
       1
       0
       1
       0
       0
       0
       0
       1
       0
       0
       0
       0
       2
       0
       0
       1
       0
       0
       1
       1
       1
       0
       0
       0
       2
       2
       0
       1
       0
       0
       0
       0
       0
       0
       0
       0
       2
       0
       0
       0
       4
       1
       1
       0
       0
       2
       2
       1
       0
       0
       1
       0
       0
       1
       0
       0
       1
       0
       0
       0
       0
       1
       1
       1
       2
       3
       0
       1
       2
       0
       2
       1
       2
       3
       0
       0
       1
       0
       1
       1
       0
       0
       0
       1
       1
       0
       0
       1
       1
       1
       1
       1
       0
       1
       2
       3
       2
       0
       0
       1
       0
       0
       2
       0
       0
       0
       2
       0
       1
       1
       0
       0
       0
       1
       0
       0
       1
       0
       0
       0
       0
       1
       1
       0
       1
       1
       1
       0
       1
       0
       0
       2
       0
       0
       2
       0
       0
       1
       0
       0
       0
       1
       1
       0
       1
       1
       0
       0
       3
       1
       0
       1
       1
       1
       2
       1
       0
       0
       2
       3
       2
       3
       1
       1
       9
       6
       7
       6
       6
      10
       5
      16
      12
      16
      13
      13
      14
      15
      14
      20
      13
      17
      12
      14
      21
      19
       9
      15
       7
       5
       7
       1
       3
       2
       1
       1
       2
       0
       0
       0
       2
       1
       0
       1
       0
       0
       0
       2
       0
       2
       0
       0
       0
       1
       0
       0
       1
       0
       0
       0
       1
       0
       1
       0
       0
       1
       0
       0
       1
       0
       1
       0
       0
       0
       0
       0
       1
       1
       0
       1
       0
       0
       0
       2
       0
       0
       0
       1
       0
       0
       0
       0
       0
       1
       0
       0
       1
       0
       0
       0
       0
       0
       0
       1
       0
       1
       0
       0
       0
       0
       0
       0
       1
       0
       0
       1
       0
       0
       0
       0
       1
       0
       0
       0
       1
       0
       1
       0
       0
       0
       0
       1
       1
       1
       1
       0
       0
       0
       0
       0
       0
       1
       0
       0
       0
       0
       0
       0
       0
       0
       0
       0
       0
       0
       0
       1
       1
       1
       0
       0
       0
       0
       1
       0
       1
       1
       0
       1
       0
       1
       0
       0
       2
       0
       0
       1
       1
       1
       0
       1
       0
       1
       0
       1
       0
       0
       0
       1
       0
       0
       0
       0
       0
       1
       0
       1
       1
       0
       0
       0
       1
       0
       0
       1
       0
       0
       0
       0
       1
       0
       1
       0
       1
       0
       0
       0
       1
       2
       0
       1
       0
       0
       0
       0
       1
       0
       0
       0
       0
       0
       0
       1
       0
       0
       0
       0
       0
       1
       0
       0
       2
       0
       0
       0
       0
       2
       0
       0
       1
       0
       0
       0
       0
       0
       0
       0
       1
       0
       0
       0
       0
       0
       0
       1
       1
       0
       0
       0
       1
       0
       0
       0
       0
       0
       0
       0
       0
       0
       1
       0
       0
       2
       0
       0
       0
       0
       0
       1
       1
       0
       0
       0
       0
       0
       0
       0
       0
       0
       1
       0
       1
       0
       0
       0
       0
       1
       1
       1
       0
       1
       0
       1
       0
       2
       2
       2
       2
       1
       1
       2
       2
       1
       1
       1
       0
       0
       0
       0
       2
       0
       1
       0
       1
       0
       0
       0
       0
       0
       0
       1
       1
       1
       0
       1
       1
       0
       0
       0
       0
       1
       0
       0
       0
       0
       1
       1
       2
       0
       0
       0
       0
       1
       0
       0
       0
       0
       1
       0
       0
       0
       0
       0
       0
       1
       0
       0
       1
       0
       1
       0
       0
       0
       2
       0
       0
       1
       0
       0
       0
       0
       0
       0
       0
       0
       0
       1
       0
       0
       0
       0
       0
       1
       1
       0
       0
       0
       0
       0
       1
       0
       0
       0
       0
       0
       0
       2
       0
       0
       0
       0
       0
       0
       0
       0
       0
       0
       0
       0
       1
       0
       0
       1
       0
       0
       0
       1
       0
       0
       0
       0
       0
       0
       1
       0
       0
       0
       1
       1
       1
       0
       0
       2
       0
       0
       0
       1
       0
       0
       0
       1
       0
       0
       0
       0
       0
       0
       1
       0
       0
       0
       0
       1
       0
       0
       0
       1
       1
       0
       0
       0
       0
       0
       0
       0
       0
       0
       0
       0
       0
       1
       0
       0
       0
       0
       0
       0
       0
       0
       0
       0
       0
       1
       0
       0
       0
       0
       0
       0
       0
       0
       0
       0
       0
       0
       0
       0
       0
       0
       0
       0
       0
       0
       0
       0
       0
       0
       0
       0
       0
       0
       0
       0
       0
       0
       0
       0
       0
       0
       0
       0
       0
       0
       0
       0
       0
       0
       0
       0
       0
       0
       0
       0
       0
       0
       0
       0
       0
       0
       0
       1
       0
       0
       1
       0
       0
       0
       0
       0
       0
       1
       0
       0
       0
       0
       0
       1
       0
       0
       0
       0
       0
       1
       0
       0
       0
       0
       0
       0
       0
       0
       0
       0
       0
       0
       1
       0
       0
       0
       0
       0
       0
       0
       0
       0
       1
       0
       0
       0
       0
       0
       0
       0
       0
       0
       0
       0
       0
       0
       0
       0
       0
       0
       0
       0
       0
       0
       0
       0
       0
       0
       0
       0
       0
       0
       0
       0
       0
       0
       0
       0
       0
       1
       0
       0
       0
       1
       4
       1
       1
       3
       2
       2
       0
       3
       1
       0
       1
       1
       1
       0
       0
       1
       1
       2
       1
       2
       0
       1
       0
       1
       0
       0
       2
       2
       1
       1
       1
       2
       1
       3
       2
       2
       0
       0
       0
       1
       1
       0
       0
       2
       2
       1
       0
       2
       0
       0
       1
       1
       0
       2
       1
       1
       2
       1
       0
       3
       1
       1
       1
       4
       1
       2
       1
       0
       1
       1
       1
       3
       1
       1
       1
       2
       3
       4
       1
       1
       1
       3
       2
       4
       1
       1
       1
       3
       5
       0
       2
       0
       2
       0
       0
       0
       0
       4
       2
       0
       1
       4
       3
       2
       0
       1
       4
       2
       0
       4
       0
       0
       1
       3
       1
       2
       1
       4
       0
       1
       1
       2
       3
       0
       4
       4
       1
       1
       2
       0
       0
       0
       0
       1
       0
       1
       0
       2
       0
       1
       1
       1
       2
       0
       1
       3
       0
       2
       1
       0
       1
       1
       3
       3
       2
       2
       2
       0
       2
       3
       0
       0
       2
       0
       0
       1
       4
       2
       0
       1
       2
       0
       1
       1
       0
       2
       0
       1
       0
       1
       0
       0
       0
       0
$ROI:
0
$PRESETS:
None
0
0
$ENER_FIT:
0.000000 0.374432
$MCA_CAL:
3
0.000000E+000 3.744323E-001 0.000000E+000 keV
$SHAPE_CAL:
3
6.617742E+000 0.000000E+000 0.000000E+000
