# D_oben [cm], t_oben[µs], t_unten[µs]
5.500000000000000000e+00 3.969999999999999574e+01 1.020000000000000107e+01
6.500000000000000222e-01 4.300000000000000711e+00 5.100000000000000000e+01
1.449999999999999956e+00 1.000000000000000000e+01 4.510000000000000142e+01
2.265000000000000124e+00 1.590000000000000036e+01 3.919999999999999574e+01
3.080000000000000071e+00 2.169999999999999929e+01 3.329999999999999716e+01
3.884999999999999787e+00 2.759999999999999787e+01 2.759999999999999787e+01
4.625000000000000000e+00 3.300000000000000000e+01 2.129999999999999716e+01
5.394999999999999574e+00 3.839999999999999858e+01 1.509999999999999964e+01
6.129999999999999893e+00 4.400000000000000000e+01 8.800000000000000711e+00
1.760000000000000009e+00 1.220000000000000107e+01 4.400000000000000000e+01
1.939999999999999947e+00 1.350000000000000000e+01 4.279999999999999716e+01
