110.000 0.280
120.000 0.391
130.000 0.292
140.000 0.399
150.000 0.454
160.000 2.511
170.000 2.968
180.000 1.259
190.000 1.144
200.000 1.929
210.000 2.166
220.000 2.476
230.000 3.158
240.000 3.907
250.000 6.563
260.000 7.952
270.000 12.049
280.000 18.861
290.000 25.633
300.000 51.281
310.000 54.906
320.000 40.700
330.000 21.450
340.000 18.631
350.000 16.845
360.000 14.843
370.000 14.485
380.000 15.352
390.000 15.345
400.000 16.189
410.000 16.742
420.000 17.295
430.000 18.651
440.000 19.387
450.000 20.977
460.000 22.859
470.000 23.310
480.000 24.013
490.000 25.831
500.000 27.801
510.000 28.496
520.000 30.836
530.000 34.144
540.000 36.315
550.000 43.256
560.000 56.963
570.000 58.656
580.000 70.048
590.000 73.905
600.000 74.827
610.000 69.375
620.000 35.768
630.000 30.031
640.000 22.427
650.000 17.587
660.000 14.221
670.000 12.735
680.000 10.330
690.000 9.462
700.000 8.149
710.000 6.899
720.000 6.556
730.000 6.150
740.000 5.948
750.000 5.423
760.000 5.367
770.000 5.189
780.000 5.299
790.000 5.727
800.000 6.594
810.000 7.963
820.000 8.509
830.000 10.340
840.000 11.770
850.000 16.925
860.000 21.111
870.000 37.526
880.000 50.368
890.000 40.757
900.000 14.222
910.000 9.110
920.000 7.581
930.000 5.673
940.000 4.861
950.000 3.651
960.000 2.911
970.000 2.598
980.000 2.062
990.000 1.960
1000.000 1.495
1010.000 1.342
1020.000 1.115
1030.000 1.016
1040.000 0.863
1050.000 0.848
1060.000 0.874
1070.000 0.972
1080.000 1.219
1090.000 1.328
1100.000 1.840
1110.000 2.628
1120.000 3.357
1130.000 4.245
1140.000 7.315
1150.000 14.541
1160.000 21.021
1170.000 29.350
1180.000 9.960
1190.000 7.847
1200.000 5.689
1210.000 4.845
1220.000 4.654
1230.000 4.291
1240.000 4.248
1250.000 4.043
1260.000 4.011
1270.000 3.948
1280.000 4.099
1290.000 4.197
1300.000 4.431
1310.000 4.628
1320.000 4.876
1330.000 5.170
1340.000 5.375
1350.000 5.714
1360.000 6.379
1370.000 6.706
1380.000 7.261
1390.000 9.094
1400.000 11.878
1410.000 14.140
1420.000 21.199
1430.000 36.274
1440.000 49.633
1450.000 60.136
1460.000 26.721
1470.000 22.245
1480.000 15.769
1490.000 14.155
1500.000 11.860
1510.000 10.970
1520.000 9.590
1530.000 9.174
1540.000 8.442
1550.000 8.085
1560.000 7.977
1570.000 7.859
1580.000 8.235
1590.000 8.452
1600.000 8.900
1610.000 9.210
1620.000 9.308
1630.000 9.554
1640.000 9.971
1650.000 10.968
1660.000 11.670
1670.000 13.685
1680.000 15.094
1690.000 19.589
1700.000 28.194
1710.000 47.500
1720.000 60.444
1730.000 68.365
1740.000 69.387
1750.000 48.012
1760.000 39.315
1770.000 30.083
1780.000 27.444
1790.000 23.844
1800.000 21.688
1810.000 21.015
1820.000 19.971
1830.000 19.514
1840.000 19.385
1850.000 19.080
1860.000 18.931
1870.000 18.990
1880.000 19.483
1890.000 19.813
1900.000 21.016
1910.000 21.819
1920.000 23.886
1930.000 25.284
1940.000 28.877
1950.000 33.980
1960.000 41.324
1970.000 46.264
1980.000 59.732
1990.000 60.388
2000.000 66.050
2010.000 68.117
2020.000 70.711
2030.000 71.034
2040.000 68.538
2050.000 59.830
2060.000 52.526
2070.000 42.939
2080.000 37.756
2090.000 35.844
2100.000 32.871
2110.000 30.605
2120.000 29.666
2130.000 28.096
2140.000 26.894
2150.000 24.993
2160.000 24.151
2170.000 22.956
2180.000 22.585
2190.000 22.051
2200.000 22.313
2210.000 22.933
2220.000 23.519
2230.000 25.445
2240.000 26.885
2250.000 30.706
2260.000 36.863
2270.000 41.415
2280.000 46.864
2290.000 59.844
2300.000 66.243
2310.000 68.086
2320.000 67.918
2330.000 66.571
2340.000 55.434
2350.000 41.011
2360.000 33.584
2370.000 30.979
2380.000 27.147
2390.000 25.666
2400.000 23.109
2410.000 21.667
2420.000 19.279
2430.000 18.295
2440.000 16.557
2450.000 14.925
2460.000 14.442
2470.000 13.986
2480.000 13.496
2490.000 13.381
2500.000 13.464
2510.000 14.089
2520.000 14.695
2530.000 15.368
2540.000 17.789
2550.000 21.747
2560.000 24.771
2570.000 34.466
2580.000 53.871
2590.000 60.088
2600.000 68.369
2610.000 65.073
2620.000 48.963
2630.000 28.179
2640.000 22.997
2650.000 15.971
2660.000 14.963
2670.000 13.746
2680.000 13.319
2690.000 12.701
2700.000 12.270
2710.000 12.078
2720.000 11.997
2730.000 12.028
2740.000 12.077
2750.000 12.299
2760.000 12.727
2770.000 12.996
2780.000 13.323
2790.000 14.246
2800.000 15.308
2810.000 15.777
2820.000 17.236
2830.000 18.359
2840.000 21.281
2850.000 27.858
2860.000 39.969
2870.000 49.893
2880.000 60.859
2890.000 65.256
2900.000 53.152
2910.000 34.703
2920.000 22.843
2930.000 19.527
2940.000 14.828
2950.000 11.667
2960.000 10.420
2970.000 8.760
2980.000 7.655
2990.000 7.224
3000.000 6.496
3010.000 6.229
3020.000 6.474
3030.000 6.958
3040.000 7.292
3050.000 7.922
3060.000 8.320
3070.000 9.211
3080.000 9.704
3090.000 11.032
3100.000 12.766
3110.000 15.174
3120.000 16.768
3130.000 21.444
3140.000 24.856
3150.000 35.931
3160.000 57.643
3170.000 59.882
3180.000 62.791
3190.000 40.361
3200.000 23.235
3210.000 19.747
3220.000 15.363
3230.000 12.549
3240.000 11.321
3250.000 9.380
3260.000 8.026
3270.000 7.454
3280.000 6.610
3290.000 6.223
3300.000 5.719
3310.000 5.552
3320.000 5.298
3330.000 5.185
3340.000 5.325
3350.000 5.564
3360.000 6.070
3370.000 6.388
3380.000 7.338
3390.000 8.014
3400.000 9.821
3410.000 12.721
3420.000 14.879
3430.000 17.725
3440.000 27.258
3450.000 46.560
3460.000 58.649
3470.000 45.869
3480.000 21.889
3490.000 18.238
3500.000 14.102
3510.000 11.823
3520.000 11.008
3530.000 9.828
3540.000 9.369
3550.000 8.700
3560.000 8.432
3570.000 8.005
3580.000 7.865
3590.000 7.623
3600.000 7.519
3610.000 7.146
3620.000 7.080
3630.000 6.977
3640.000 6.999
3650.000 7.169
3660.000 7.606
3670.000 7.956
3680.000 8.415
3690.000 9.772
3700.000 12.180
3710.000 13.900
3720.000 20.146
3730.000 33.107
3740.000 43.353
3750.000 54.391
3760.000 27.205
3770.000 20.221
3780.000 12.536
3790.000 10.610
3800.000 8.123
3810.000 7.661
3820.000 6.985
3830.000 6.710
3840.000 6.349
3850.000 6.122
3860.000 6.040
3870.000 5.860
3880.000 5.576
3890.000 5.476
3900.000 5.364
3910.000 5.324
3920.000 5.347
3930.000 5.422
3940.000 5.668
3950.000 6.171
3960.000 6.566
3970.000 7.253
3980.000 7.983
3990.000 10.033
4000.000 14.207
4010.000 22.162
4020.000 28.829
4030.000 46.760
4040.000 49.709
4050.000 24.111
4060.000 18.313
4070.000 11.833
4080.000 9.926
4090.000 7.196
4100.000 5.558
4110.000 4.491
4120.000 4.087
4130.000 3.735
4140.000 3.793
4150.000 3.965
4160.000 4.118
4170.000 4.217
4180.000 4.474
4190.000 4.582
4200.000 4.908
4210.000 5.085
4220.000 5.437
4230.000 5.690
4240.000 6.219
4250.000 7.087
4260.000 8.386
4270.000 9.269
4280.000 11.976
4290.000 14.021
4300.000 20.825
4310.000 33.332
4320.000 39.667
4330.000 40.130
4340.000 19.639
4350.000 12.753
4360.000 10.833
4370.000 8.352
4380.000 6.829
4390.000 6.276
4400.000 5.414
4410.000 4.661
4420.000 4.339
4430.000 3.959
4440.000 3.775
4450.000 3.509
4460.000 3.420
4470.000 3.401
4480.000 3.394
4490.000 3.502
4500.000 3.765
4510.000 4.143
4520.000 4.415
4530.000 5.142
4540.000 5.644
4550.000 7.071
4560.000 9.354
4570.000 11.084
4580.000 13.410
4590.000 21.373
4600.000 35.190
4610.000 40.834
4620.000 27.346
4630.000 19.916
4640.000 13.880
4650.000 10.808
4660.000 8.997
4670.000 8.266
4680.000 7.204
4690.000 6.662
4700.000 5.623
4710.000 5.170
4720.000 4.488
4730.000 4.162
4740.000 3.644
4750.000 3.257
4760.000 3.108
4770.000 3.084
4780.000 3.188
4790.000 3.344
4800.000 3.777
4810.000 4.538
4820.000 5.054
4830.000 5.730
4840.000 7.685
4850.000 11.102
4860.000 13.744
4870.000 22.362
4880.000 38.899
4890.000 50.151
4900.000 55.929
4910.000 31.262
4920.000 25.640
4930.000 19.100
4940.000 17.066
4950.000 14.478
4960.000 13.683
4970.000 13.103
4980.000 12.942
4990.000 12.777
5000.000 12.886
5010.000 13.123
5020.000 13.357
5030.000 13.955
5040.000 14.282
5050.000 15.216
5060.000 16.397
5070.000 16.889
5080.000 17.810
5090.000 18.320
5100.000 19.901
5110.000 20.991
5120.000 24.587
5130.000 27.286
5140.000 34.996
5150.000 48.015
5160.000 60.004
5170.000 62.128
5180.000 65.109
5190.000 64.967
5200.000 49.766
5210.000 39.775
5220.000 29.086
5230.000 25.482
5240.000 20.287
5250.000 16.800
5260.000 15.468
5270.000 13.482
5280.000 12.126
5290.000 11.610
5300.000 11.759
5310.000 12.174
5320.000 12.409
5330.000 12.979
5340.000 13.104
5350.000 13.342
5360.000 13.543
5370.000 14.136
5380.000 14.593
5390.000 15.799
5400.000 18.114
5410.000 22.093
5420.000 24.850
5430.000 32.919
5440.000 39.210
5450.000 58.840
5460.000 63.098
5470.000 64.492
5480.000 63.444
5490.000 35.823
5500.000 24.009
5510.000 20.633
5520.000 15.882
5530.000 12.399
5540.000 11.082
5550.000 9.072
5560.000 7.637
5570.000 7.067
5580.000 6.534
5590.000 6.095
5600.000 5.615
5610.000 5.497
5620.000 5.742
5630.000 6.093
5640.000 6.931
5650.000 7.955
5660.000 9.244
5670.000 10.055
5680.000 12.010
5690.000 13.217
5700.000 16.498
5710.000 21.594
5720.000 25.242
5730.000 30.211
5740.000 45.994
5750.000 60.552
5760.000 60.827
5770.000 40.714
5780.000 31.032
5790.000 22.289
5800.000 17.714
5810.000 14.997
5820.000 14.051
5830.000 12.496
5840.000 11.993
5850.000 11.102
5860.000 10.712
5870.000 10.119
5880.000 9.664
5890.000 9.050
5900.000 8.595
5910.000 8.378
5920.000 8.317
5930.000 8.390
5940.000 8.579
5950.000 9.127
5960.000 10.077
5970.000 10.744
5980.000 11.618
5990.000 14.152
6000.000 18.319
6010.000 21.520
6020.000 31.922
6030.000 50.941
6040.000 59.573
6050.000 50.468
6060.000 25.970
6070.000 20.803
6080.000 15.556
6090.000 14.178
6100.000 12.239
6110.000 11.557
6120.000 10.484
6130.000 10.095
6140.000 9.361
6150.000 8.538
6160.000 8.207
6170.000 7.669
6180.000 7.297
6190.000 7.175
6200.000 6.909
6210.000 6.988
6220.000 7.113
6230.000 7.370
6240.000 7.637
6250.000 8.389
6260.000 8.912
6270.000 10.621
6280.000 13.716
6290.000 16.130
6300.000 23.659
6310.000 37.650
6320.000 47.810
6330.000 59.911
6340.000 50.440
6350.000 26.714
6360.000 17.522
6370.000 14.616
6380.000 12.403
6390.000 9.615
6400.000 7.719
6410.000 7.561
6420.000 7.405
6430.000 7.325
6440.000 7.387
6450.000 7.423
6460.000 7.596
6470.000 7.712
6480.000 8.059
6490.000 8.284
6500.000 8.716
6510.000 9.053
6520.000 9.868
6530.000 10.372
6540.000 11.477
6550.000 12.819
6560.000 15.488
6570.000 17.419
6580.000 23.086
6590.000 27.352
6600.000 41.004
6610.000 58.786
6620.000 59.487
6630.000 48.457
6640.000 27.091
6650.000 18.768
6660.000 16.268
6670.000 12.897
6680.000 10.370
6690.000 9.424
6700.000 8.028
6710.000 6.967
6720.000 6.588
6730.000 6.032
6740.000 5.870
6750.000 5.649
6760.000 5.598
6770.000 5.617
6780.000 5.690
6790.000 6.030
6800.000 6.808
6810.000 7.896
6820.000 8.543
6830.000 10.163
6840.000 11.290
6850.000 14.153
6860.000 18.732
6870.000 22.114
6880.000 26.739
6890.000 40.749
6900.000 55.941
6910.000 53.609
6920.000 31.352
6930.000 25.392
6940.000 18.436
6950.000 14.660
6960.000 12.242
6970.000 11.288
6980.000 9.506
6990.000 8.776
7000.000 7.624
7010.000 7.165
7020.000 6.438
7030.000 6.140
7040.000 5.762
7050.000 5.521
7060.000 5.492
7070.000 5.515
7080.000 5.629
7090.000 5.962
7100.000 6.596
7110.000 7.538
7120.000 8.229
7130.000 9.048
7140.000 11.470
7150.000 15.345
7160.000 18.326
7170.000 27.706
7180.000 42.757
7190.000 49.153
7200.000 37.339
7210.000 21.352
7220.000 18.159
7230.000 14.133
7240.000 12.836
7250.000 10.989
7260.000 10.313
7270.000 9.279
7280.000 8.879
7290.000 8.292
7300.000 7.882
7310.000 7.639
7320.000 7.566
7330.000 7.564
7340.000 7.489
7350.000 7.229
7360.000 7.198
7370.000 7.206
7380.000 7.461
7390.000 7.660
7400.000 8.349
7410.000 8.862
7420.000 10.431
7430.000 11.564
7440.000 15.279
7450.000 22.316
7460.000 34.661
7470.000 42.555
7480.000 46.849
7490.000 36.819
7500.000 21.294
7510.000 14.263
7520.000 12.059
7530.000 10.546
7540.000 8.297
7550.000 7.404
7560.000 7.215
7570.000 6.979
7580.000 6.836
7590.000 6.818
7600.000 6.811
7610.000 6.616
7620.000 6.541
7630.000 6.496
7640.000 6.503
7650.000 6.574
7660.000 6.693
7670.000 7.042
7680.000 7.313
7690.000 7.988
7700.000 9.227
7710.000 11.620
7720.000 13.228
7730.000 18.306
7740.000 22.136
7750.000 33.639
7760.000 44.811
7770.000 42.159
7780.000 32.624
7790.000 19.140
7800.000 13.145
7810.000 11.344
7820.000 8.456
7830.000 6.513
7840.000 5.896
7850.000 4.980
7860.000 4.319
7870.000 4.037
7880.000 3.996
7890.000 4.137
7900.000 4.439
7910.000 4.638
7920.000 5.035
7930.000 5.269
7940.000 5.829
7950.000 6.504
7960.000 7.379
7970.000 7.980
7980.000 9.353
7990.000 10.282
8000.000 12.751
8010.000 16.680
8020.000 19.554
8030.000 23.356
8040.000 34.639
8050.000 39.572
8060.000 34.705
8070.000 21.628
8080.000 17.804
8090.000 13.424
8100.000 10.862
8110.000 9.281
8120.000 8.734
8130.000 7.801
8140.000 7.436
8150.000 6.628
8160.000 6.282
8170.000 5.806
8180.000 5.554
8190.000 5.200
8200.000 5.045
8210.000 5.107
8220.000 5.167
8230.000 5.415
8240.000 5.602
8250.000 6.193
8260.000 7.090
8270.000 7.701
8280.000 9.427
8290.000 10.630
8300.000 14.147
8310.000 16.755
8320.000 24.800
8330.000 30.318
8340.000 38.318
8350.000 27.421
8360.000 17.754
8370.000 15.269
8380.000 12.029
8390.000 10.900
8400.000 9.365
8410.000 8.683
8420.000 7.448
8430.000 6.955
8440.000 6.058
8450.000 5.462
8460.000 5.242
8470.000 4.731
8480.000 4.484
8490.000 4.384
8500.000 4.283
8510.000 4.350
8520.000 4.409
8530.000 4.753
8540.000 4.998
8550.000 5.668
8560.000 6.209
8570.000 7.714
8580.000 8.761
8590.000 11.957
8600.000 18.036
8610.000 27.843
8620.000 32.840
8630.000 30.675
8640.000 23.245
8650.000 14.276
8660.000 9.903
8670.000 8.501
8680.000 7.884
8690.000 7.053
8700.000 6.459
8710.000 6.249
8720.000 5.941
8730.000 5.750
8740.000 5.719
8750.000 5.596
8760.000 5.671
8770.000 5.727
8780.000 5.873
8790.000 5.976
8800.000 6.283
8810.000 6.378
8820.000 6.578
8830.000 6.775
8840.000 7.256
8850.000 8.199
8860.000 9.745
8870.000 11.133
8880.000 15.220
8890.000 18.255
8900.000 26.558
8910.000 31.827
8920.000 28.110
8930.000 21.782
8940.000 13.824
8950.000 9.774
8960.000 8.403
8970.000 6.328
8980.000 5.637
8990.000 4.646
9000.000 3.947
9010.000 3.443
9020.000 3.485
9030.000 3.610
9040.000 3.671
9050.000 3.909
9060.000 4.024
9070.000 4.321
9080.000 4.478
9090.000 4.871
9100.000 5.381
9110.000 6.081
9120.000 6.503
9130.000 7.646
9140.000 8.362
9150.000 10.368
9160.000 13.617
9170.000 15.990
9180.000 19.059
9190.000 26.833
9200.000 28.552
9210.000 23.789
9220.000 15.097
9230.000 12.680
9240.000 9.542
9250.000 7.682
9260.000 6.252
9270.000 5.704
9280.000 4.772
9290.000 4.430
9300.000 3.883
9310.000 3.694
9320.000 3.400
9330.000 3.275
9340.000 3.125
9350.000 3.062
9360.000 3.104
9370.000 3.172
9380.000 3.389
9390.000 3.537
9400.000 3.963
9410.000 4.597
9420.000 5.067
9430.000 6.294
9440.000 7.131
9450.000 9.553
9460.000 11.220
9470.000 15.857
9480.000 19.024
9490.000 22.511
9500.000 15.999
9510.000 10.961
9520.000 9.490
9530.000 7.531
9540.000 6.888
9550.000 5.886
9560.000 5.201
9570.000 4.957
9580.000 4.736
9590.000 4.387
9600.000 4.163
9610.000 4.004
9620.000 3.691
9630.000 3.476
9640.000 3.388
9650.000 3.326
9660.000 3.354
9670.000 3.394
9680.000 3.601
9690.000 3.740
9700.000 4.161
9710.000 4.451
9720.000 5.480
9730.000 6.150
9740.000 8.174
9750.000 11.648
9760.000 16.838
9770.000 18.775
9780.000 15.440
9790.000 11.913
9800.000 7.748
9810.000 5.645
9820.000 5.171
9830.000 4.784
9840.000 4.227
9850.000 3.843
9860.000 3.683
9870.000 3.470
9880.000 3.177
9890.000 3.056
9900.000 2.841
9910.000 2.692
9920.000 2.647
9930.000 2.578
9940.000 2.574
9950.000 2.555
9960.000 2.495
9970.000 2.752
9980.000 2.859
9990.000 3.174
10000.000 3.404
