5005.000 2.083
5010.000 2.093
5015.000 2.103
5020.000 2.114
5025.000 2.124
5030.000 2.134
5035.000 2.145
5040.000 2.156
5045.000 2.167
5050.000 2.178
5055.000 2.189
5060.000 2.200
5065.000 2.212
5070.000 2.224
5075.000 2.236
5080.000 2.248
5085.000 2.260
5090.000 2.272
5095.000 2.285
5100.000 2.298
5105.000 2.310
5110.000 2.324
5115.000 2.337
5120.000 2.350
5125.000 2.364
5130.000 2.378
5135.000 2.392
5140.000 2.407
5145.000 2.421
5150.000 2.436
5155.000 2.451
5160.000 2.467
5165.000 2.482
5170.000 2.498
5175.000 2.514
5180.000 2.530
5185.000 2.547
5190.000 2.564
5195.000 2.581
5200.000 2.599
5205.000 2.617
5210.000 2.635
5215.000 2.653
5220.000 2.672
5225.000 2.691
5230.000 2.711
5235.000 2.731
5240.000 2.751
5245.000 2.772
5250.000 2.793
5255.000 2.814
5260.000 2.836
5265.000 2.858
5270.000 2.881
5275.000 2.904
5280.000 2.928
5285.000 2.952
5290.000 2.977
5295.000 3.002
5300.000 3.028
5305.000 3.054
5310.000 3.081
5315.000 3.109
5320.000 3.137
5325.000 3.166
5330.000 3.195
5335.000 3.226
5340.000 3.256
5345.000 3.288
5350.000 3.321
5355.000 3.354
5360.000 3.388
5365.000 3.423
5370.000 3.459
5375.000 3.496
5380.000 3.533
5385.000 3.572
5390.000 3.612
5395.000 3.653
5400.000 3.695
5405.000 3.739
5410.000 3.783
5415.000 3.829
5420.000 3.877
5425.000 3.926
5430.000 3.976
5435.000 4.028
5440.000 4.081
5445.000 4.137
5450.000 4.194
5455.000 4.253
5460.000 4.314
5465.000 4.377
5470.000 4.443
5475.000 4.511
5480.000 4.581
5485.000 4.654
5490.000 4.730
5495.000 4.809
5500.000 4.892
5505.000 4.977
5510.000 5.066
5515.000 5.159
5520.000 5.256
5525.000 5.358
5530.000 5.464
5535.000 5.575
5540.000 5.691
5545.000 5.814
5550.000 5.942
5555.000 6.077
5560.000 6.220
5565.000 6.370
5570.000 6.529
5575.000 6.697
5580.000 6.875
5585.000 7.064
5590.000 7.265
5595.000 7.480
5600.000 7.710
5605.000 7.955
5610.000 8.219
5615.000 8.503
5620.000 8.809
5625.000 9.141
5630.000 9.501
5635.000 9.894
5640.000 10.324
5645.000 10.796
5650.000 11.316
5655.000 11.894
5660.000 12.538
5665.000 13.261
5670.000 14.078
5675.000 15.006
5680.000 16.072
5685.000 17.305
5690.000 18.748
5695.000 20.455
5700.000 22.503
5705.000 24.992
5710.000 28.065
5715.000 31.914
5720.000 36.789
5725.000 42.953
5730.000 50.466
5735.000 58.509
5740.000 64.300
5745.000 64.102
5750.000 57.913
5755.000 49.517
5760.000 41.737
5765.000 35.388
5770.000 30.387
5775.000 26.451
5780.000 23.316
5785.000 20.783
5790.000 18.703
5795.000 16.970
5800.000 15.508
5805.000 14.259
5810.000 13.182
5815.000 12.243
5820.000 11.419
5825.000 10.689
5830.000 10.039
5835.000 9.457
5840.000 8.932
5845.000 8.457
5850.000 8.024
5855.000 7.629
5860.000 7.266
5865.000 6.933
5870.000 6.625
5875.000 6.339
5880.000 6.074
5885.000 5.828
5890.000 5.597
5895.000 5.382
5900.000 5.180
5905.000 4.990
5910.000 4.811
5915.000 4.643
5920.000 4.484
5925.000 4.334
5930.000 4.191
5935.000 4.056
5940.000 3.927
5945.000 3.805
5950.000 3.689
5955.000 3.578
5960.000 3.473
5965.000 3.372
5970.000 3.275
5975.000 3.183
5980.000 3.094
5985.000 3.009
5990.000 2.928
5995.000 2.850
6000.000 2.775
6005.000 2.703
6010.000 2.633
6015.000 2.567
6020.000 2.503
6025.000 2.441
6030.000 2.381
6035.000 2.324
6040.000 2.268
6045.000 2.215
6050.000 2.163
6055.000 2.113
6060.000 2.065
6065.000 2.019
6070.000 1.974
6075.000 1.930
6080.000 1.888
6085.000 1.848
6090.000 1.809
6095.000 1.771
6100.000 1.735
6105.000 1.700
6110.000 1.666
6115.000 1.633
6120.000 1.601
6125.000 1.571
6130.000 1.541
6135.000 1.513
6140.000 1.486
6145.000 1.459
6150.000 1.434
6155.000 1.410
6160.000 1.387
6165.000 1.364
6170.000 1.343
6175.000 1.323
6180.000 1.303
6185.000 1.285
6190.000 1.267
6195.000 1.251
6200.000 1.235
6205.000 1.220
6210.000 1.206
6215.000 1.193
6220.000 1.180
6225.000 1.169
6230.000 1.158
6235.000 1.149
6240.000 1.140
6245.000 1.132
6250.000 1.125
6255.000 1.118
6260.000 1.113
6265.000 1.108
6270.000 1.104
6275.000 1.101
6280.000 1.099
6285.000 1.098
6290.000 1.097
6295.000 1.097
6300.000 1.098
6305.000 1.100
6310.000 1.102
6315.000 1.105
6320.000 1.109
6325.000 1.113
6330.000 1.119
6335.000 1.125
6340.000 1.131
6345.000 1.139
6350.000 1.147
6355.000 1.155
6360.000 1.165
6365.000 1.175
6370.000 1.185
6375.000 1.197
6380.000 1.209
6385.000 1.221
6390.000 1.234
6395.000 1.248
6400.000 1.263
6405.000 1.278
6410.000 1.293
6415.000 1.309
6420.000 1.326
6425.000 1.344
6430.000 1.362
6435.000 1.380
6440.000 1.400
6445.000 1.419
6450.000 1.440
6455.000 1.461
6460.000 1.483
6465.000 1.505
6470.000 1.528
6475.000 1.552
6480.000 1.577
6485.000 1.602
6490.000 1.628
6495.000 1.654
6500.000 1.681
6505.000 1.709
6510.000 1.738
6515.000 1.768
6520.000 1.798
6525.000 1.830
6530.000 1.862
6535.000 1.895
6540.000 1.929
6545.000 1.964
6550.000 2.000
6555.000 2.037
6560.000 2.076
6565.000 2.115
6570.000 2.156
6575.000 2.197
6580.000 2.241
6585.000 2.285
6590.000 2.331
6595.000 2.378
6600.000 2.427
6605.000 2.478
6610.000 2.531
6615.000 2.585
6620.000 2.641
6625.000 2.699
6630.000 2.760
6635.000 2.822
6640.000 2.887
6645.000 2.955
6650.000 3.025
6655.000 3.099
6660.000 3.175
6665.000 3.255
6670.000 3.338
6675.000 3.425
6680.000 3.516
6685.000 3.612
6690.000 3.712
6695.000 3.817
6700.000 3.928
6705.000 4.044
6710.000 4.167
6715.000 4.297
6720.000 4.435
6725.000 4.581
6730.000 4.736
6735.000 4.901
6740.000 5.076
6745.000 5.264
6750.000 5.466
6755.000 5.682
6760.000 5.916
6765.000 6.168
6770.000 6.441
6775.000 6.738
6780.000 7.063
6785.000 7.418
6790.000 7.810
6795.000 8.244
6800.000 8.726
6805.000 9.266
6810.000 9.874
6815.000 10.564
6820.000 11.353
6825.000 12.264
6830.000 13.326
6835.000 14.580
6840.000 16.079
6845.000 17.898
6850.000 20.142
6855.000 22.960
6860.000 26.560
6865.000 31.214
6870.000 37.193
6875.000 44.418
6880.000 51.434
6885.000 54.542
6890.000 51.223
6895.000 44.160
6900.000 36.985
6905.000 31.070
6910.000 26.469
6915.000 22.909
6920.000 20.121
6925.000 17.898
6930.000 16.095
6935.000 14.608
6940.000 13.364
6945.000 12.309
6950.000 11.404
6955.000 10.620
6960.000 9.935
6965.000 9.330
6970.000 8.794
6975.000 8.314
6980.000 7.883
6985.000 7.493
6990.000 7.140
6995.000 6.817
7000.000 6.521
7005.000 6.250
7010.000 5.999
7015.000 5.768
7020.000 5.553
7025.000 5.352
7030.000 5.166
7035.000 4.991
7040.000 4.828
7045.000 4.674
7050.000 4.530
7055.000 4.393
7060.000 4.265
7065.000 4.143
7070.000 4.028
7075.000 3.918
7080.000 3.815
7085.000 3.716
7090.000 3.622
7095.000 3.532
7100.000 3.446
7105.000 3.365
7110.000 3.286
7115.000 3.211
7120.000 3.139
7125.000 3.070
7130.000 3.004
7135.000 2.941
7140.000 2.880
7145.000 2.821
7150.000 2.764
7155.000 2.710
7160.000 2.657
7165.000 2.606
7170.000 2.557
7175.000 2.510
7180.000 2.464
7185.000 2.420
7190.000 2.377
7195.000 2.336
7200.000 2.296
7205.000 2.257
7210.000 2.220
7215.000 2.183
7220.000 2.148
7225.000 2.114
7230.000 2.081
7235.000 2.048
7240.000 2.017
7245.000 1.987
7250.000 1.958
7255.000 1.929
7260.000 1.901
7265.000 1.874
7270.000 1.848
7275.000 1.823
7280.000 1.798
7285.000 1.774
7290.000 1.751
7295.000 1.729
7300.000 1.707
7305.000 1.685
7310.000 1.665
7315.000 1.645
7320.000 1.625
7325.000 1.607
7330.000 1.588
7335.000 1.571
7340.000 1.554
7345.000 1.537
7350.000 1.521
7355.000 1.506
7360.000 1.491
7365.000 1.476
7370.000 1.462
7375.000 1.449
7380.000 1.436
7385.000 1.424
7390.000 1.412
7395.000 1.400
7400.000 1.389
7405.000 1.379
7410.000 1.369
7415.000 1.359
7420.000 1.351
7425.000 1.342
7430.000 1.334
7435.000 1.327
7440.000 1.320
7445.000 1.313
7450.000 1.307
7455.000 1.301
7460.000 1.296
7465.000 1.292
7470.000 1.288
7475.000 1.284
7480.000 1.281
7485.000 1.279
7490.000 1.276
7495.000 1.275
7500.000 1.274
7505.000 1.273
7510.000 1.273
7515.000 1.274
7520.000 1.275
7525.000 1.277
7530.000 1.279
7535.000 1.281
7540.000 1.285
7545.000 1.289
7550.000 1.293
7555.000 1.298
7560.000 1.303
7565.000 1.310
7570.000 1.316
7575.000 1.324
7580.000 1.332
7585.000 1.340
7590.000 1.349
7595.000 1.359
7600.000 1.370
7605.000 1.381
7610.000 1.393
7615.000 1.405
7620.000 1.418
7625.000 1.432
7630.000 1.447
7635.000 1.462
7640.000 1.478
7645.000 1.495
7650.000 1.513
7655.000 1.531
7660.000 1.550
7665.000 1.570
7670.000 1.591
7675.000 1.613
7680.000 1.636
7685.000 1.660
7690.000 1.685
7695.000 1.710
7700.000 1.737
7705.000 1.765
7710.000 1.794
7715.000 1.824
7720.000 1.856
7725.000 1.888
7730.000 1.922
7735.000 1.958
7740.000 1.994
7745.000 2.033
7750.000 2.072
7755.000 2.114
7760.000 2.157
7765.000 2.202
7770.000 2.249
7775.000 2.298
7780.000 2.349
7785.000 2.402
7790.000 2.457
7795.000 2.515
7800.000 2.576
7805.000 2.639
7810.000 2.706
7815.000 2.775
7820.000 2.848
7825.000 2.925
7830.000 3.006
7835.000 3.090
7840.000 3.180
7845.000 3.274
7850.000 3.373
7855.000 3.478
7860.000 3.589
7865.000 3.707
7870.000 3.832
7875.000 3.965
7880.000 4.107
7885.000 4.259
7890.000 4.421
7895.000 4.595
7900.000 4.783
7905.000 4.984
7910.000 5.203
7915.000 5.439
7920.000 5.697
7925.000 5.978
7930.000 6.286
7935.000 6.626
7940.000 7.001
7945.000 7.419
7950.000 7.885
7955.000 8.411
7960.000 9.005
7965.000 9.684
7970.000 10.466
7975.000 11.375
7980.000 12.443
7985.000 13.714
7990.000 15.245
7995.000 17.117
8000.000 19.441
8005.000 22.363
8010.000 26.063
8015.000 30.688
8020.000 36.113
8025.000 41.334
8030.000 44.036
8035.000 42.399
8040.000 37.649
8045.000 32.246
8050.000 27.488
8055.000 23.641
8060.000 20.595
8065.000 18.175
8070.000 16.230
8075.000 14.642
8080.000 13.328
8085.000 12.226
8090.000 11.289
8095.000 10.485
8100.000 9.788
8105.000 9.178
8110.000 8.641
8115.000 8.163
8120.000 7.737
8125.000 7.353
8130.000 7.007
8135.000 6.692
8140.000 6.405
8145.000 6.143
8150.000 5.902
8155.000 5.679
8160.000 5.474
8165.000 5.283
8170.000 5.105
8175.000 4.940
8180.000 4.785
8185.000 4.640
8190.000 4.505
8195.000 4.377
8200.000 4.256
8205.000 4.142
8210.000 4.035
8215.000 3.933
8220.000 3.837
8225.000 3.745
8230.000 3.658
8235.000 3.575
8240.000 3.496
8245.000 3.420
8250.000 3.348
8255.000 3.279
8260.000 3.213
8265.000 3.150
8270.000 3.089
8275.000 3.031
8280.000 2.975
8285.000 2.921
8290.000 2.870
8295.000 2.820
8300.000 2.772
8305.000 2.726
8310.000 2.681
8315.000 2.638
8320.000 2.596
8325.000 2.556
8330.000 2.517
8335.000 2.479
8340.000 2.443
8345.000 2.408
8350.000 2.374
8355.000 2.340
8360.000 2.308
8365.000 2.277
8370.000 2.247
8375.000 2.217
8380.000 2.189
8385.000 2.161
8390.000 2.134
8395.000 2.108
8400.000 2.083
8405.000 2.058
8410.000 2.034
8415.000 2.010
8420.000 1.988
8425.000 1.965
8430.000 1.944
8435.000 1.923
8440.000 1.902
8445.000 1.882
8450.000 1.863
8455.000 1.844
8460.000 1.825
8465.000 1.807
8470.000 1.789
8475.000 1.772
8480.000 1.756
8485.000 1.739
8490.000 1.723
8495.000 1.708
8500.000 1.693
8505.000 1.678
8510.000 1.664
8515.000 1.650
8520.000 1.636
8525.000 1.623
8530.000 1.610
8535.000 1.598
8540.000 1.585
8545.000 1.574
8550.000 1.562
8555.000 1.551
8560.000 1.540
8565.000 1.529
8570.000 1.519
8575.000 1.509
8580.000 1.499
8585.000 1.490
8590.000 1.481
8595.000 1.472
8600.000 1.464
8605.000 1.455
8610.000 1.448
8615.000 1.440
8620.000 1.433
8625.000 1.426
8630.000 1.419
8635.000 1.413
8640.000 1.407
8645.000 1.401
8650.000 1.395
8655.000 1.390
8660.000 1.385
8665.000 1.381
8670.000 1.376
8675.000 1.372
8680.000 1.369
8685.000 1.366
8690.000 1.363
8695.000 1.360
8700.000 1.358
8705.000 1.356
8710.000 1.354
8715.000 1.353
8720.000 1.352
8725.000 1.351
8730.000 1.351
8735.000 1.352
8740.000 1.352
8745.000 1.353
8750.000 1.355
8755.000 1.357
8760.000 1.359
8765.000 1.362
8770.000 1.365
8775.000 1.369
8780.000 1.373
8785.000 1.378
8790.000 1.383
8795.000 1.389
8800.000 1.395
8805.000 1.402
8810.000 1.409
8815.000 1.417
8820.000 1.426
8825.000 1.435
8830.000 1.445
8835.000 1.456
8840.000 1.467
8845.000 1.480
8850.000 1.492
8855.000 1.506
8860.000 1.521
8865.000 1.536
8870.000 1.553
8875.000 1.570
8880.000 1.588
8885.000 1.607
8890.000 1.628
8895.000 1.649
8900.000 1.672
8905.000 1.696
8910.000 1.721
8915.000 1.748
8920.000 1.776
8925.000 1.806
8930.000 1.837
8935.000 1.870
8940.000 1.905
8945.000 1.942
8950.000 1.981
8955.000 2.022
8960.000 2.065
8965.000 2.111
8970.000 2.160
8975.000 2.211
8980.000 2.265
8985.000 2.323
8990.000 2.384
8995.000 2.450
9000.000 2.519
9005.000 2.593
9010.000 2.671
9015.000 2.756
9020.000 2.846
9025.000 2.942
9030.000 3.046
9035.000 3.157
9040.000 3.277
9045.000 3.407
9050.000 3.548
9055.000 3.701
9060.000 3.868
9065.000 4.051
9070.000 4.251
9075.000 4.472
9080.000 4.717
9085.000 4.989
9090.000 5.293
9095.000 5.636
9100.000 6.024
9105.000 6.467
9110.000 6.977
9115.000 7.569
9120.000 8.264
9125.000 9.089
9130.000 10.081
9135.000 11.291
9140.000 12.786
9145.000 14.658
9150.000 17.017
9155.000 19.956
9160.000 23.417
9165.000 26.837
9170.000 28.847
9175.000 28.173
9180.000 25.322
9185.000 21.838
9190.000 18.671
9195.000 16.074
9200.000 14.004
9205.000 12.355
9210.000 11.029
9215.000 9.946
9220.000 9.051
9225.000 8.301
9230.000 7.664
9235.000 7.118
9240.000 6.645
9245.000 6.232
9250.000 5.867
9255.000 5.544
9260.000 5.256
9265.000 4.997
9270.000 4.763
9275.000 4.552
9280.000 4.358
9285.000 4.182
9290.000 4.020
9295.000 3.870
9300.000 3.732
9305.000 3.604
9310.000 3.485
9315.000 3.374
9320.000 3.271
9325.000 3.174
9330.000 3.083
9335.000 2.997
9340.000 2.917
9345.000 2.841
9350.000 2.769
9355.000 2.701
9360.000 2.637
9365.000 2.575
9370.000 2.517
9375.000 2.462
9380.000 2.409
9385.000 2.359
9390.000 2.311
9395.000 2.265
9400.000 2.221
9405.000 2.178
9410.000 2.138
9415.000 2.099
9420.000 2.062
9425.000 2.026
9430.000 1.991
9435.000 1.958
9440.000 1.926
9445.000 1.895
9450.000 1.865
9455.000 1.836
9460.000 1.808
9465.000 1.781
9470.000 1.755
9475.000 1.729
9480.000 1.705
9485.000 1.681
9490.000 1.658
9495.000 1.636
9500.000 1.614
9505.000 1.593
9510.000 1.572
9515.000 1.552
9520.000 1.532
9525.000 1.514
9530.000 1.495
9535.000 1.477
9540.000 1.459
9545.000 1.442
9550.000 1.426
9555.000 1.409
9560.000 1.393
9565.000 1.378
9570.000 1.363
9575.000 1.348
9580.000 1.333
9585.000 1.319
9590.000 1.305
9595.000 1.292
9600.000 1.278
9605.000 1.265
9610.000 1.253
9615.000 1.240
9620.000 1.228
9625.000 1.216
9630.000 1.204
9635.000 1.193
9640.000 1.181
9645.000 1.170
9650.000 1.159
9655.000 1.148
9660.000 1.138
9665.000 1.128
9670.000 1.117
9675.000 1.107
9680.000 1.098
9685.000 1.088
9690.000 1.079
9695.000 1.069
9700.000 1.060
9705.000 1.051
9710.000 1.042
9715.000 1.034
9720.000 1.025
9725.000 1.017
9730.000 1.009
9735.000 1.000
9740.000 0.992
9745.000 0.985
9750.000 0.977
9755.000 0.969
9760.000 0.962
9765.000 0.954
9770.000 0.947
9775.000 0.940
9780.000 0.933
9785.000 0.926
9790.000 0.919
9795.000 0.913
9800.000 0.906
9805.000 0.900
9810.000 0.893
9815.000 0.887
9820.000 0.881
9825.000 0.875
9830.000 0.869
9835.000 0.864
9840.000 0.858
9845.000 0.853
9850.000 0.847
9855.000 0.842
9860.000 0.837
9865.000 0.832
9870.000 0.827
9875.000 0.823
9880.000 0.818
9885.000 0.814
9890.000 0.809
9895.000 0.805
9900.000 0.801
9905.000 0.797
9910.000 0.794
9915.000 0.790
9920.000 0.787
9925.000 0.784
9930.000 0.781
9935.000 0.778
9940.000 0.776
9945.000 0.774
9950.000 0.772
9955.000 0.770
9960.000 0.768
9965.000 0.767
9970.000 0.766
9975.000 0.765
9980.000 0.765
9985.000 0.764
9990.000 0.765
9995.000 0.765
10000.000 0.766
10005.000 0.768
10010.000 0.769
10015.000 0.772
10020.000 0.774
10025.000 0.777
10030.000 0.781
10035.000 0.785
10040.000 0.790
10045.000 0.795
10050.000 0.802
10055.000 0.808
10060.000 0.816
10065.000 0.824
10070.000 0.833
10075.000 0.843
10080.000 0.854
10085.000 0.866
10090.000 0.879
10095.000 0.893
10100.000 0.908
10105.000 0.925
10110.000 0.943
10115.000 0.962
10120.000 0.983
10125.000 1.006
10130.000 1.031
10135.000 1.057
10140.000 1.086
10145.000 1.116
10150.000 1.150
10155.000 1.186
10160.000 1.225
10165.000 1.267
10170.000 1.312
10175.000 1.362
10180.000 1.415
10185.000 1.474
10190.000 1.537
10195.000 1.607
10200.000 1.683
10205.000 1.766
10210.000 1.858
10215.000 1.959
10220.000 2.072
10225.000 2.197
10230.000 2.336
10235.000 2.493
10240.000 2.671
10245.000 2.872
10250.000 3.103
10255.000 3.370
10260.000 3.682
10265.000 4.048
10270.000 4.484
10275.000 5.010
10280.000 5.651
10285.000 6.443
10290.000 7.430
10295.000 8.657
10300.000 10.141
10305.000 11.782
10310.000 13.207
10315.000 13.785
10320.000 13.194
10325.000 11.841
10330.000 10.325
10335.000 8.964
10340.000 7.837
10345.000 6.925
10350.000 6.188
10355.000 5.587
10360.000 5.091
10365.000 4.677
10370.000 4.327
10375.000 4.029
10380.000 3.771
10385.000 3.547
10390.000 3.350
10395.000 3.177
10400.000 3.022
10405.000 2.883
10410.000 2.758
10415.000 2.646
10420.000 2.543
10425.000 2.449
10430.000 2.363
10435.000 2.285
10440.000 2.212
10445.000 2.144
10450.000 2.082
10455.000 2.023
10460.000 1.969
10465.000 1.918
10470.000 1.871
10475.000 1.826
10480.000 1.784
10485.000 1.744
10490.000 1.706
10495.000 1.671
10500.000 1.637
10505.000 1.605
10510.000 1.575
10515.000 1.546
10520.000 1.518
10525.000 1.492
10530.000 1.467
10535.000 1.443
10540.000 1.420
10545.000 1.398
10550.000 1.377
10555.000 1.356
10560.000 1.337
10565.000 1.318
10570.000 1.300
10575.000 1.282
10580.000 1.265
10585.000 1.249
10590.000 1.233
10595.000 1.218
10600.000 1.203
10605.000 1.189
10610.000 1.175
10615.000 1.162
10620.000 1.149
10625.000 1.136
10630.000 1.124
10635.000 1.112
10640.000 1.101
10645.000 1.089
10650.000 1.078
10655.000 1.068
10660.000 1.057
10665.000 1.047
10670.000 1.037
10675.000 1.028
10680.000 1.018
10685.000 1.009
10690.000 1.000
10695.000 0.991
10700.000 0.983
10705.000 0.974
10710.000 0.966
10715.000 0.958
10720.000 0.950
10725.000 0.942
10730.000 0.935
10735.000 0.927
10740.000 0.920
10745.000 0.913
10750.000 0.906
10755.000 0.899
10760.000 0.892
10765.000 0.885
10770.000 0.879
10775.000 0.872
10780.000 0.866
10785.000 0.859
10790.000 0.853
10795.000 0.847
10800.000 0.841
10805.000 0.835
10810.000 0.830
10815.000 0.824
10820.000 0.818
10825.000 0.813
10830.000 0.807
10835.000 0.802
10840.000 0.796
10845.000 0.791
10850.000 0.786
10855.000 0.781
10860.000 0.776
10865.000 0.771
10870.000 0.766
10875.000 0.761
10880.000 0.756
10885.000 0.751
10890.000 0.746
10895.000 0.741
10900.000 0.737
10905.000 0.732
10910.000 0.728
10915.000 0.723
10920.000 0.719
10925.000 0.714
10930.000 0.710
10935.000 0.705
10940.000 0.701
10945.000 0.697
10950.000 0.692
10955.000 0.688
10960.000 0.684
10965.000 0.679
10970.000 0.675
10975.000 0.671
10980.000 0.667
10985.000 0.663
10990.000 0.659
10995.000 0.655
11000.000 0.651
11005.000 0.647
11010.000 0.643
11015.000 0.639
11020.000 0.635
11025.000 0.631
11030.000 0.627
11035.000 0.623
11040.000 0.619
11045.000 0.615
11050.000 0.611
11055.000 0.608
11060.000 0.604
11065.000 0.600
11070.000 0.596
11075.000 0.592
11080.000 0.588
11085.000 0.585
11090.000 0.581
11095.000 0.577
11100.000 0.573
11105.000 0.570
11110.000 0.566
11115.000 0.562
11120.000 0.559
11125.000 0.555
11130.000 0.551
11135.000 0.548
11140.000 0.544
11145.000 0.541
11150.000 0.537
11155.000 0.533
11160.000 0.530
11165.000 0.527
11170.000 0.523
11175.000 0.520
11180.000 0.516
11185.000 0.513
11190.000 0.510
11195.000 0.507
11200.000 0.504
11205.000 0.501
11210.000 0.498
11215.000 0.496
11220.000 0.493
11225.000 0.491
11230.000 0.489
11235.000 0.487
11240.000 0.486
11245.000 0.484
11250.000 0.483
11255.000 0.483
11260.000 0.483
11265.000 0.483
11270.000 0.484
11275.000 0.486
11280.000 0.488
11285.000 0.491
11290.000 0.495
11295.000 0.501
11300.000 0.507
11305.000 0.515
11310.000 0.525
11315.000 0.536
11320.000 0.549
11325.000 0.565
11330.000 0.583
11335.000 0.604
11340.000 0.629
11345.000 0.657
11350.000 0.690
11355.000 0.727
11360.000 0.771
11365.000 0.821
11370.000 0.880
11375.000 0.947
11380.000 1.025
11385.000 1.117
11390.000 1.225
11395.000 1.352
11400.000 1.504
11405.000 1.686
11410.000 1.906
11415.000 2.174
11420.000 2.502
11425.000 2.901
11430.000 3.373
11435.000 3.893
11440.000 4.381
11445.000 4.694
11450.000 4.715
11455.000 4.465
11460.000 4.076
11465.000 3.664
11470.000 3.290
11475.000 2.968
11480.000 2.699
11485.000 2.474
11490.000 2.286
11495.000 2.127
11500.000 1.992
11505.000 1.876
11510.000 1.776
11515.000 1.688
11520.000 1.611
11525.000 1.543
11530.000 1.483
11535.000 1.429
11540.000 1.380
11545.000 1.336
11550.000 1.295
11555.000 1.259
11560.000 1.225
11565.000 1.194
11570.000 1.166
11575.000 1.139
11580.000 1.115
11585.000 1.092
11590.000 1.071
11595.000 1.051
11600.000 1.032
11605.000 1.015
11610.000 0.998
11615.000 0.983
11620.000 0.968
11625.000 0.954
11630.000 0.941
11635.000 0.928
11640.000 0.916
11645.000 0.905
11650.000 0.894
11655.000 0.884
11660.000 0.874
11665.000 0.865
11670.000 0.855
11675.000 0.847
11680.000 0.838
11685.000 0.830
11690.000 0.823
11695.000 0.815
11700.000 0.808
11705.000 0.801
11710.000 0.794
11715.000 0.788
11720.000 0.782
11725.000 0.776
11730.000 0.770
11735.000 0.764
11740.000 0.759
11745.000 0.753
11750.000 0.748
11755.000 0.743
11760.000 0.738
11765.000 0.733
11770.000 0.729
11775.000 0.724
11780.000 0.720
11785.000 0.716
11790.000 0.711
11795.000 0.707
11800.000 0.703
11805.000 0.699
11810.000 0.696
11815.000 0.692
11820.000 0.688
11825.000 0.685
11830.000 0.681
11835.000 0.678
11840.000 0.675
11845.000 0.671
11850.000 0.668
11855.000 0.665
11860.000 0.662
11865.000 0.659
11870.000 0.656
11875.000 0.653
11880.000 0.650
11885.000 0.648
11890.000 0.645
11895.000 0.642
11900.000 0.640
11905.000 0.637
11910.000 0.635
11915.000 0.632
11920.000 0.630
11925.000 0.627
11930.000 0.625
11935.000 0.623
11940.000 0.620
11945.000 0.618
11950.000 0.616
11955.000 0.614
11960.000 0.611
11965.000 0.609
11970.000 0.607
11975.000 0.605
11980.000 0.603
11985.000 0.601
11990.000 0.599
11995.000 0.597
12000.000 0.595
12005.000 0.594
12010.000 0.592
12015.000 0.590
12020.000 0.588
12025.000 0.586
12030.000 0.585
12035.000 0.583
12040.000 0.581
12045.000 0.580
12050.000 0.578
12055.000 0.576
12060.000 0.575
12065.000 0.573
12070.000 0.572
12075.000 0.570
12080.000 0.569
12085.000 0.567
12090.000 0.566
12095.000 0.564
12100.000 0.563
12105.000 0.561
12110.000 0.560
12115.000 0.559
12120.000 0.557
12125.000 0.556
12130.000 0.555
12135.000 0.554
12140.000 0.552
12145.000 0.551
12150.000 0.550
12155.000 0.549
12160.000 0.548
12165.000 0.546
12170.000 0.545
12175.000 0.544
12180.000 0.543
12185.000 0.542
12190.000 0.541
12195.000 0.540
12200.000 0.539
12205.000 0.538
12210.000 0.537
12215.000 0.536
12220.000 0.535
12225.000 0.534
12230.000 0.533
12235.000 0.532
12240.000 0.532
12245.000 0.531
12250.000 0.530
12255.000 0.529
12260.000 0.529
12265.000 0.528
12270.000 0.527
12275.000 0.527
12280.000 0.526
12285.000 0.525
12290.000 0.525
12295.000 0.524
12300.000 0.524
12305.000 0.523
12310.000 0.523
12315.000 0.523
12320.000 0.522
12325.000 0.522
12330.000 0.522
12335.000 0.521
12340.000 0.521
12345.000 0.521
12350.000 0.521
12355.000 0.521
12360.000 0.521
12365.000 0.521
12370.000 0.521
12375.000 0.521
12380.000 0.521
12385.000 0.521
12390.000 0.521
12395.000 0.521
12400.000 0.522
12405.000 0.522
12410.000 0.522
12415.000 0.522
12420.000 0.522
12425.000 0.522
12430.000 0.522
12435.000 0.522
12440.000 0.522
12445.000 0.521
12450.000 0.520
12455.000 0.519
12460.000 0.517
12465.000 0.515
12470.000 0.512
12475.000 0.509
12480.000 0.505
12485.000 0.501
12490.000 0.496
12495.000 0.490
12500.000 0.484
12505.000 0.478
12510.000 0.472
12515.000 0.466
12520.000 0.459
12525.000 0.453
12530.000 0.447
12535.000 0.442
12540.000 0.437
12545.000 0.432
12550.000 0.428
12555.000 0.424
12560.000 0.421
12565.000 0.418
12570.000 0.416
12575.000 0.413
12580.000 0.411
12585.000 0.410
12590.000 0.408
12595.000 0.407
12600.000 0.406
12605.000 0.405
12610.000 0.404
12615.000 0.403
12620.000 0.402
12625.000 0.401
12630.000 0.401
12635.000 0.400
12640.000 0.400
12645.000 0.399
12650.000 0.399
12655.000 0.398
12660.000 0.398
12665.000 0.397
12670.000 0.397
12675.000 0.396
12680.000 0.396
12685.000 0.396
12690.000 0.395
12695.000 0.395
12700.000 0.394
12705.000 0.394
12710.000 0.394
12715.000 0.393
12720.000 0.393
12725.000 0.392
12730.000 0.392
12735.000 0.392
12740.000 0.391
12745.000 0.391
12750.000 0.390
12755.000 0.390
12760.000 0.389
12765.000 0.389
12770.000 0.389
12775.000 0.388
12780.000 0.388
12785.000 0.387
12790.000 0.387
12795.000 0.386
12800.000 0.386
12805.000 0.385
12810.000 0.385
12815.000 0.385
12820.000 0.384
12825.000 0.384
12830.000 0.383
12835.000 0.383
12840.000 0.382
12845.000 0.382
12850.000 0.381
12855.000 0.381
12860.000 0.380
12865.000 0.380
12870.000 0.379
12875.000 0.379
12880.000 0.378
12885.000 0.378
12890.000 0.378
12895.000 0.377
12900.000 0.377
12905.000 0.376
12910.000 0.376
12915.000 0.375
12920.000 0.375
12925.000 0.374
12930.000 0.374
12935.000 0.373
12940.000 0.373
12945.000 0.372
12950.000 0.372
12955.000 0.371
12960.000 0.371
12965.000 0.370
12970.000 0.370
12975.000 0.369
12980.000 0.369
12985.000 0.368
12990.000 0.368
12995.000 0.367
13000.000 0.367
13005.000 0.366
13010.000 0.366
13015.000 0.365
13020.000 0.365
13025.000 0.364
13030.000 0.364
13035.000 0.364
13040.000 0.363
13045.000 0.363
13050.000 0.362
13055.000 0.362
13060.000 0.361
13065.000 0.361
13070.000 0.360
13075.000 0.360
13080.000 0.359
13085.000 0.359
13090.000 0.358
13095.000 0.358
13100.000 0.357
13105.000 0.357
13110.000 0.356
13115.000 0.356
13120.000 0.355
13125.000 0.355
13130.000 0.354
13135.000 0.354
13140.000 0.354
13145.000 0.353
13150.000 0.353
13155.000 0.352
13160.000 0.352
13165.000 0.351
13170.000 0.351
13175.000 0.350
13180.000 0.350
13185.000 0.349
13190.000 0.349
13195.000 0.348
13200.000 0.348
13205.000 0.347
13210.000 0.347
13215.000 0.347
13220.000 0.346
13225.000 0.346
13230.000 0.345
13235.000 0.345
13240.000 0.344
13245.000 0.344
13250.000 0.343
13255.000 0.343
13260.000 0.342
13265.000 0.342
13270.000 0.342
13275.000 0.341
