6010.000 0.006
6020.000 6.819
6030.000 6.532
6040.000 6.391
6050.000 6.104
6060.000 5.985
6070.000 5.729
6080.000 5.510
6090.000 5.412
6100.000 5.223
6110.000 5.161
6120.000 5.010
6130.000 4.951
6140.000 4.841
6150.000 4.797
6160.000 4.700
6170.000 4.640
6180.000 4.583
6190.000 4.531
6200.000 4.378
6210.000 4.244
6220.000 3.999
6230.000 3.744
6240.000 3.607
6250.000 3.472
6260.000 3.252
6270.000 3.050
6280.000 2.954
6290.000 2.818
6300.000 2.651
6310.000 2.606
6320.000 2.516
6330.000 2.396
6340.000 2.413
6350.000 2.379
6360.000 2.369
6370.000 2.354
6380.000 2.351
6390.000 2.399
6400.000 2.502
6410.000 2.725
6420.000 2.945
6430.000 3.162
6440.000 3.280
6450.000 3.477
6460.000 3.572
6470.000 3.765
6480.000 3.920
6490.000 3.997
6500.000 4.162
6510.000 4.261
6520.000 4.396
6530.000 4.458
6540.000 4.621
6550.000 4.742
6560.000 4.787
6570.000 4.943
6580.000 5.064
6590.000 5.146
6600.000 5.198
6610.000 5.143
6620.000 5.032
6630.000 4.971
6640.000 4.945
6650.000 4.940
6660.000 4.925
6670.000 5.001
6680.000 5.090
6690.000 5.178
6700.000 5.378
6710.000 5.511
6720.000 5.804
6730.000 6.182
6740.000 6.403
6750.000 6.933
6760.000 7.265
6770.000 7.971
6780.000 8.427
6790.000 9.470
6800.000 10.774
6810.000 11.577
6820.000 13.500
6830.000 16.289
6840.000 18.091
6850.000 22.690
6860.000 25.716
6870.000 34.029
6880.000 47.074
6890.000 55.969
6900.000 61.303
6910.000 60.736
6920.000 48.579
6930.000 34.052
6940.000 29.652
6950.000 23.581
6960.000 21.431
6970.000 18.044
6980.000 15.634
6990.000 14.633
7000.000 12.785
7010.000 11.820
7020.000 10.135
7030.000 9.399
7040.000 8.158
7050.000 7.106
7060.000 6.656
7070.000 5.854
7080.000 5.131
7090.000 4.911
7100.000 4.466
7110.000 4.244
7120.000 3.851
7130.000 3.599
7140.000 3.694
7150.000 3.780
7160.000 3.924
7170.000 4.064
7180.000 4.168
7190.000 4.218
7200.000 4.278
7210.000 4.300
7220.000 4.330
7230.000 4.333
7240.000 4.340
7250.000 4.330
7260.000 4.335
7270.000 4.221
7280.000 4.099
7290.000 3.871
7300.000 3.752
7310.000 3.521
7320.000 3.280
7330.000 3.130
7340.000 2.971
7350.000 2.761
7360.000 2.655
7370.000 2.472
7380.000 2.295
7390.000 2.211
7400.000 2.144
7410.000 2.017
7420.000 1.923
7430.000 1.864
7440.000 1.789
7450.000 1.752
7460.000 1.768
7470.000 1.686
7480.000 1.665
7490.000 1.744
7500.000 1.932
7510.000 2.024
7520.000 2.221
7530.000 2.329
7540.000 2.517
7550.000 2.598
7560.000 2.794
7570.000 2.965
7580.000 3.144
7590.000 3.202
7600.000 3.345
7610.000 3.413
7620.000 3.543
7630.000 3.671
7640.000 3.727
7650.000 3.814
7660.000 3.896
7670.000 3.917
7680.000 3.948
7690.000 3.987
7700.000 4.017
7710.000 4.071
7720.000 4.148
7730.000 4.226
7740.000 4.287
7750.000 4.378
7760.000 4.450
7770.000 4.566
7780.000 4.711
7790.000 4.828
7800.000 4.899
7810.000 4.947
7820.000 4.991
7830.000 5.086
7840.000 5.140
7850.000 5.335
7860.000 5.445
7870.000 5.707
7880.000 6.038
7890.000 6.251
7900.000 6.707
7910.000 6.967
7920.000 7.647
7930.000 8.027
7940.000 8.838
7950.000 9.854
7960.000 10.593
7970.000 12.640
7980.000 15.250
7990.000 16.866
8000.000 21.027
8010.000 23.773
8020.000 31.109
8030.000 41.578
8040.000 48.319
8050.000 55.856
8060.000 60.875
8070.000 46.440
8080.000 32.415
8090.000 27.715
8100.000 21.535
8110.000 19.313
8120.000 15.965
8130.000 13.598
8140.000 12.576
8150.000 10.504
8160.000 9.657
8170.000 8.225
8180.000 7.616
8190.000 6.568
8200.000 6.122
8210.000 5.416
8220.000 4.712
8230.000 4.257
8240.000 4.056
8250.000 3.680
8260.000 3.510
8270.000 3.464
8280.000 3.509
8290.000 3.499
8300.000 3.507
8310.000 3.539
8320.000 3.606
8330.000 3.642
8340.000 3.655
8350.000 3.656
8360.000 3.658
8370.000 3.628
8380.000 3.599
8390.000 3.588
8400.000 3.541
8410.000 3.533
8420.000 3.467
8430.000 3.425
8440.000 3.373
8450.000 3.293
8460.000 3.283
8470.000 3.111
8480.000 2.907
8490.000 2.805
8500.000 2.614
8510.000 2.528
8520.000 2.361
8530.000 2.219
8540.000 2.149
8550.000 2.025
8560.000 1.973
8570.000 1.884
8580.000 1.809
8590.000 1.782
8600.000 1.742
8610.000 1.713
8620.000 1.669
8630.000 1.642
8640.000 1.618
8650.000 1.739
8660.000 1.794
8670.000 1.974
8680.000 2.096
8690.000 2.277
8700.000 2.324
8710.000 2.443
8720.000 2.536
8730.000 2.636
8740.000 2.689
8750.000 2.763
8760.000 2.799
8770.000 2.873
8780.000 2.953
8790.000 2.975
8800.000 3.033
8810.000 3.072
8820.000 3.130
8830.000 3.153
8840.000 3.196
8850.000 3.251
8860.000 3.279
8870.000 3.269
8880.000 3.176
8890.000 3.126
8900.000 3.075
8910.000 3.052
8920.000 3.034
8930.000 3.029
8940.000 3.041
8950.000 3.071
8960.000 3.157
8970.000 3.207
8980.000 3.325
8990.000 3.390
9000.000 3.582
9010.000 3.692
9020.000 3.952
9030.000 4.228
9040.000 4.396
9050.000 4.799
9060.000 5.046
9070.000 5.718
9080.000 6.120
9090.000 7.037
9100.000 8.135
9110.000 8.785
9120.000 10.340
9130.000 12.358
9140.000 13.632
9150.000 16.883
9160.000 18.987
9170.000 24.374
9180.000 31.477
9190.000 35.562
9200.000 38.828
9210.000 37.410
9220.000 27.019
9230.000 19.729
9240.000 17.214
9250.000 13.626
9260.000 12.304
9270.000 10.133
9280.000 8.237
9290.000 7.495
9300.000 6.222
9310.000 5.697
9320.000 4.827
9330.000 4.486
9340.000 3.807
9350.000 3.540
9360.000 3.122
9370.000 2.741
9380.000 2.423
9390.000 2.383
9400.000 2.438
9410.000 2.463
9420.000 2.507
9430.000 2.518
9440.000 2.525
9450.000 2.517
9460.000 2.518
9470.000 2.497
9480.000 2.488
9490.000 2.455
9500.000 2.418
9510.000 2.406
9520.000 2.364
9530.000 2.310
9540.000 2.234
9550.000 2.085
9560.000 2.014
9570.000 1.848
9580.000 1.812
9590.000 1.643
9600.000 1.580
9610.000 1.451
9620.000 1.326
9630.000 1.213
9640.000 1.166
9650.000 1.077
9660.000 1.037
9670.000 0.967
9680.000 0.912
9690.000 0.888
9700.000 0.845
9710.000 0.845
9720.000 0.790
9730.000 0.774
9740.000 0.795
9750.000 0.868
9760.000 0.905
9770.000 0.979
9780.000 1.040
9790.000 1.073
9800.000 1.120
9810.000 1.145
9820.000 1.194
9830.000 1.255
9840.000 1.292
9850.000 1.316
9860.000 1.377
9870.000 1.406
9880.000 1.452
9890.000 1.471
9900.000 1.506
9910.000 1.512
9920.000 1.545
9930.000 1.568
9940.000 1.551
9950.000 1.497
9960.000 1.462
9970.000 1.421
9980.000 1.399
9990.000 1.344
10000.000 1.314
