110.000 0.110
120.000 0.037
130.000 0.386
140.000 0.768
150.000 1.077
160.000 1.106
170.000 1.439
180.000 1.051
190.000 1.207
200.000 1.578
210.000 1.726
220.000 2.318
230.000 3.259
240.000 4.102
250.000 5.667
260.000 8.426
270.000 13.297
280.000 20.794
290.000 26.693
300.000 18.011
310.000 11.519
320.000 9.582
330.000 8.545
340.000 7.978
350.000 7.904
360.000 7.930
370.000 8.239
380.000 8.834
390.000 9.400
400.000 10.198
410.000 10.198
420.000 11.331
430.000 12.128
440.000 13.961
450.000 16.037
460.000 18.633
470.000 21.617
480.000 25.104
490.000 28.967
500.000 34.523
510.000 43.048
520.000 57.833
530.000 64.224
540.000 69.213
550.000 61.350
560.000 24.826
570.000 18.210
580.000 13.955
590.000 11.145
600.000 9.356
610.000 8.079
620.000 7.122
630.000 6.417
640.000 5.916
650.000 5.505
660.000 5.339
670.000 5.338
680.000 5.235
690.000 5.179
700.000 5.309
710.000 5.529
720.000 5.953
730.000 6.613
740.000 7.510
750.000 9.141
760.000 12.031
770.000 17.277
780.000 25.170
790.000 30.601
800.000 16.685
810.000 8.420
820.000 5.691
830.000 4.218
840.000 3.356
850.000 2.799
860.000 2.386
870.000 2.213
880.000 2.015
890.000 1.809
900.000 1.764
910.000 1.764
920.000 1.674
930.000 1.624
940.000 1.601
950.000 1.610
960.000 1.714
970.000 1.824
980.000 2.020
990.000 2.340
1000.000 2.909
1010.000 3.848
1020.000 5.541
1030.000 8.043
1040.000 8.923
1050.000 4.022
1060.000 2.562
1070.000 1.716
1080.000 1.347
1090.000 1.045
1100.000 0.864
1110.000 0.824
1120.000 0.730
1130.000 0.692
1140.000 0.745
1150.000 0.769
1160.000 0.769
1170.000 0.791
1180.000 0.888
1190.000 1.007
1200.000 1.105
1210.000 1.301
1220.000 1.611
1230.000 2.062
1240.000 2.779
1250.000 3.893
1260.000 5.803
1270.000 9.184
1280.000 13.400
1290.000 12.096
1300.000 5.395
1310.000 4.680
1320.000 3.252
1330.000 3.421
1340.000 2.824
1350.000 2.793
1360.000 2.577
1370.000 2.577
1380.000 2.525
1390.000 2.521
1400.000 2.554
1410.000 2.657
1420.000 2.657
1430.000 2.879
1440.000 3.135
1450.000 3.584
1460.000 4.114
1470.000 4.904
1480.000 5.981
1490.000 8.137
1500.000 11.651
1510.000 17.345
1520.000 22.494
1530.000 16.824
1540.000 8.280
1550.000 6.164
1560.000 4.944
1570.000 4.153
1580.000 4.153
1590.000 3.270
1600.000 3.270
1610.000 2.951
1620.000 2.926
1630.000 2.929
1640.000 3.021
1650.000 3.112
1660.000 3.112
1670.000 3.284
1680.000 3.637
1690.000 4.321
1700.000 5.511
1710.000 7.703
1720.000 11.572
1730.000 17.548
1740.000 22.643
1750.000 15.568
1760.000 8.180
1770.000 6.123
1780.000 4.948
1790.000 4.115
1800.000 3.532
1810.000 3.135
1820.000 2.814
1830.000 2.566
1840.000 2.402
1850.000 2.249
1860.000 2.102
1870.000 1.991
1880.000 1.858
1890.000 1.789
1900.000 1.723
1910.000 1.637
1920.000 1.637
1930.000 1.598
1940.000 1.562
1950.000 1.528
1960.000 1.520
1970.000 1.522
1980.000 1.546
1990.000 1.585
2000.000 1.664
2010.000 1.717
2020.000 1.786
2030.000 1.905
2040.000 1.995
2050.000 2.082
2060.000 2.154
2070.000 2.300
2080.000 2.401
2090.000 2.611
2100.000 2.778
2110.000 2.973
2120.000 3.201
2130.000 3.479
2140.000 3.777
2150.000 4.202
2160.000 4.202
2170.000 4.691
2180.000 5.276
2190.000 6.039
2200.000 7.029
2210.000 8.352
2220.000 10.148
2230.000 12.632
2240.000 16.348
2250.000 21.827
2260.000 30.293
2270.000 42.624
2280.000 56.458
2290.000 59.022
2300.000 47.096
2310.000 37.971
2320.000 33.728
2330.000 31.834
2340.000 31.767
2350.000 33.161
2360.000 36.092
2370.000 41.270
2380.000 48.913
2390.000 58.646
2400.000 60.111
2410.000 60.111
2420.000 56.202
2430.000 42.812
2440.000 32.286
2450.000 25.980
2460.000 21.902
2470.000 19.288
2480.000 17.358
2490.000 16.121
2500.000 15.300
2510.000 14.874
2520.000 14.802
2530.000 15.098
2540.000 15.763
2550.000 16.985
2560.000 18.866
2570.000 21.775
2580.000 25.998
2590.000 32.238
2600.000 41.395
2610.000 51.548
2620.000 51.796
2630.000 35.769
2640.000 24.060
2650.000 24.059
2660.000 18.063
2670.000 14.353
2680.000 11.942
2690.000 10.417
2700.000 9.331
2710.000 8.763
2720.000 8.717
2730.000 8.780
2740.000 8.983
2750.000 9.340
2760.000 9.895
2770.000 10.680
2780.000 11.825
2790.000 13.477
2800.000 15.870
2810.000 19.503
2820.000 25.244
2830.000 33.547
2840.000 42.695
2850.000 41.417
2860.000 41.417
2870.000 25.425
2880.000 13.432
2890.000 11.004
2900.000 9.435
2910.000 9.435
2920.000 8.353
2930.000 7.606
2940.000 7.118
2950.000 6.788
2960.000 6.503
2970.000 6.379
2980.000 6.397
2990.000 6.574
3000.000 6.942
3010.000 7.581
3020.000 8.566
3030.000 10.084
3040.000 12.521
3050.000 16.450
3060.000 22.519
3070.000 29.438
3080.000 29.435
3090.000 29.455
3100.000 11.517
3110.000 8.877
3120.000 7.519
3130.000 6.618
3140.000 6.011
3150.000 5.614
3160.000 5.614
3170.000 5.327
3180.000 5.141
3190.000 5.090
3200.000 5.081
3210.000 5.200
3220.000 5.427
3230.000 5.807
3240.000 6.364
3250.000 7.149
3260.000 8.309
3270.000 10.362
3280.000 13.800
3290.000 18.706
3300.000 22.508
3310.000 17.728
3320.000 9.696
3330.000 7.075
3340.000 5.428
3350.000 4.432
3360.000 3.734
3370.000 3.269
3380.000 2.941
3390.000 2.756
3400.000 2.628
3410.000 2.642
3420.000 2.643
3430.000 2.730
3440.000 2.889
3450.000 3.221
3460.000 3.764
3470.000 4.633
3480.000 6.048
3490.000 8.337
3500.000 11.529
3510.000 13.728
3520.000 10.063
3530.000 5.812
3540.000 4.439
3550.000 3.603
3560.000 3.108
3570.000 2.749
3580.000 2.540
3590.000 2.388
3600.000 2.339
3610.000 2.385
3620.000 2.480
3630.000 2.717
3640.000 3.161
3650.000 3.891
3660.000 3.891
3670.000 4.817
3680.000 4.932
3690.000 2.882
3700.000 1.448
3710.000 0.906
3720.000 0.594
3730.000 0.387
3740.000 0.254
3750.000 0.170
3760.000 0.108
3770.000 0.075
3780.000 0.053
3790.000 0.042
3800.000 0.028
3810.000 0.012
3820.000 0.010
3830.000 0.004
3840.000 0.006
3850.000 0.011
3860.000 0.009
3870.000 0.021
3880.000 0.028
3890.000 0.029
3900.000 0.040
3910.000 0.039
3920.000 0.039
3930.000 0.062
3940.000 0.063
3950.000 0.063
3960.000 0.045
3970.000 0.055
3980.000 0.069
3990.000 0.063
4000.000 0.077
4010.000 0.062
4020.000 0.060
4030.000 0.069
4040.000 0.057
4050.000 0.059
4060.000 0.049
4070.000 0.063
4080.000 0.059
4090.000 0.060
4100.000 0.051
4110.000 0.047
4120.000 0.048
4130.000 0.050
4140.000 0.050
4150.000 0.045
4160.000 0.038
4170.000 0.046
4180.000 0.048
4190.000 0.037
4200.000 0.048
4210.000 0.059
4220.000 0.038
4230.000 0.042
4240.000 0.049
4250.000 0.054
4260.000 0.045
4270.000 0.041
4280.000 0.041
4290.000 0.031
4300.000 0.030
4310.000 0.021
4320.000 0.024
4330.000 0.006
4340.000 0.005
4350.000 0.018
4360.000 0.018
4370.000 0.034
4380.000 0.046
4390.000 0.128
4400.000 0.178
4410.000 0.178
4420.000 0.236
4430.000 0.310
4440.000 0.439
4450.000 0.586
4460.000 0.821
4470.000 1.178
4480.000 1.710
4490.000 2.624
4500.000 4.216
4510.000 7.026
4520.000 11.357
4530.000 14.434
4540.000 11.450
4550.000 9.979
4560.000 10.185
4570.000 11.540
4580.000 14.191
4590.000 14.190
4600.000 23.312
4610.000 23.132
4620.000 14.819
4630.000 10.577
4640.000 8.560
4650.000 7.397
4660.000 6.732
4670.000 6.732
4680.000 6.350
4690.000 6.217
4700.000 6.270
4710.000 6.555
4720.000 7.099
4730.000 8.108
4740.000 9.806
4750.000 12.504
4760.000 15.967
4770.000 17.511
4780.000 13.203
4790.000 8.862
4800.000 7.102
4810.000 6.068
4820.000 5.427
4830.000 5.088
4840.000 4.986
4850.000 4.997
4860.000 5.211
4870.000 5.608
4880.000 6.219
4890.000 7.119
4900.000 8.418
4910.000 8.418
4920.000 10.434
4930.000 13.441
4940.000 18.086
4950.000 24.932
4960.000 32.594
4970.000 34.277
4980.000 25.004
4990.000 18.189
5000.000 14.895
5010.000 13.256
5020.000 12.222
5030.000 11.605
5040.000 11.290
5050.000 11.222
5060.000 11.386
5070.000 11.815
5080.000 12.516
5090.000 13.578
5100.000 15.036
5110.000 17.278
5120.000 20.591
5130.000 25.566
5140.000 32.981
5150.000 42.763
5160.000 42.763
5170.000 49.848
5180.000 42.922
5190.000 27.913
5200.000 20.830
5210.000 16.779
5220.000 14.283
5230.000 12.641
5240.000 11.577
5250.000 10.866
5260.000 10.336
5270.000 10.073
5280.000 10.073
5290.000 10.387
5300.000 11.048
5310.000 12.179
5320.000 14.022
5330.000 16.962
5340.000 21.554
5350.000 27.789
5360.000 32.471
5370.000 27.614
5380.000 17.004
5390.000 12.501
5400.000 10.048
5410.000 8.517
5420.000 8.509
5430.000 7.539
5440.000 6.886
5450.000 6.521
5460.000 6.319
5470.000 6.360
5480.000 6.456
5490.000 6.827
5500.000 7.657
5510.000 9.173
5520.000 11.580
5530.000 14.834
5540.000 16.994
5550.000 13.817
5560.000 8.283
5570.000 5.978
5580.000 4.616
5590.000 3.798
5600.000 3.268
5610.000 2.979
5620.000 2.871
5630.000 2.947
5640.000 2.947
5650.000 3.207
5660.000 3.723
5670.000 4.233
5680.000 3.885
5690.000 2.258
5700.000 1.191
5710.000 0.800
5720.000 0.544
5730.000 0.392
5740.000 0.274
5750.000 0.200
5760.000 0.146
5770.000 0.102
5780.000 0.071
5790.000 0.049
5800.000 0.035
5810.000 0.026
5820.000 0.029
5830.000 0.042
5840.000 0.055
5850.000 0.055
5860.000 0.066
5870.000 0.067
5880.000 0.070
5890.000 0.067
5900.000 0.074
5910.000 0.084
5920.000 0.084
5930.000 0.071
5940.000 0.088
5950.000 0.090
5960.000 0.087
5970.000 0.086
5980.000 0.088
5990.000 0.096
6000.000 0.086
6010.000 0.085
6020.000 0.092
6030.000 0.104
6040.000 0.089
6050.000 0.084
6060.000 0.078
6070.000 0.093
6080.000 0.087
6090.000 0.087
6100.000 0.083
6110.000 0.097
6120.000 0.089
6130.000 0.101
6140.000 0.101
6150.000 0.113
6160.000 0.113
6170.000 0.100
6180.000 0.091
6190.000 0.121
6200.000 0.104
6210.000 0.100
6220.000 0.108
6230.000 0.103
6240.000 0.096
6250.000 0.079
6260.000 0.083
6270.000 0.080
6280.000 0.084
6290.000 0.090
6300.000 0.099
6310.000 0.112
6320.000 0.106
6330.000 0.100
6340.000 0.107
6350.000 0.113
6360.000 0.094
6370.000 0.095
6380.000 0.095
6390.000 0.118
6400.000 0.094
6410.000 0.094
6420.000 0.102
6430.000 0.086
6440.000 0.085
6450.000 0.074
6460.000 0.076
6470.000 0.081
6480.000 0.081
6490.000 0.080
6500.000 0.077
6510.000 0.086
6520.000 0.096
6530.000 0.082
6540.000 0.104
6550.000 0.099
6560.000 0.099
6570.000 0.096
6580.000 0.110
6590.000 0.122
6600.000 0.118
6610.000 0.162
6620.000 0.178
6630.000 0.225
6640.000 0.286
6650.000 0.367
6660.000 0.443
6670.000 0.443
6680.000 0.610
6690.000 0.808
6700.000 1.133
6710.000 1.615
6720.000 2.405
6730.000 3.731
6740.000 6.082
6750.000 10.135
6760.000 15.695
6770.000 18.688
6780.000 16.083
6790.000 16.019
6800.000 18.103
6810.000 22.293
6820.000 28.425
6830.000 32.912
6840.000 27.981
6850.000 18.777
6860.000 15.043
6870.000 13.201
6880.000 12.402
6890.000 12.365
6900.000 13.014
6910.000 13.014
6920.000 14.442
6930.000 16.952
6940.000 21.033
6950.000 26.864
6960.000 33.054
6970.000 32.780
6980.000 23.546
6990.000 16.784
7000.000 13.425
7010.000 11.475
7020.000 10.307
7030.000 9.579
7040.000 9.103
7050.000 9.005
7060.000 9.247
7070.000 9.936
7080.000 11.233
7090.000 13.249
7100.000 16.708
7110.000 21.445
7120.000 25.961
7130.000 25.960
7140.000 16.984
7150.000 11.643
7160.000 11.643
7170.000 8.717
7180.000 7.178
7190.000 6.175
7200.000 6.008
7210.000 6.021
7220.000 6.177
7230.000 6.530
7240.000 7.083
7250.000 7.954
7260.000 9.211
7270.000 11.143
7280.000 14.023
7290.000 17.999
7300.000 21.735
7310.000 21.242
7320.000 15.231
7330.000 11.047
7340.000 11.047
7350.000 8.797
7360.000 7.408
7370.000 6.558
7380.000 5.672
7390.000 5.552
7400.000 5.613
7410.000 5.854
7420.000 5.856
7430.000 6.354
7440.000 7.196
7450.000 8.513
7460.000 10.542
7470.000 13.144
7480.000 15.026
7490.000 13.429
7500.000 9.072
7510.000 6.563
7520.000 5.148
7530.000 4.286
7540.000 3.767
7550.000 3.470
7560.000 3.341
7570.000 3.393
7580.000 3.612
7590.000 4.068
7600.000 4.835
7610.000 6.018
7620.000 7.435
7630.000 8.099
7640.000 6.633
7650.000 4.569
7660.000 4.569
7670.000 3.494
7680.000 2.890
7690.000 2.574
7700.000 2.372
7710.000 2.263
7720.000 2.258
7730.000 2.309
7740.000 2.251
7750.000 1.744
7760.000 0.924
7770.000 0.403
7780.000 0.176
7790.000 0.057
7800.000 0.044
7810.000 0.028
7820.000 0.022
7830.000 0.023
7840.000 0.024
7850.000 0.027
7860.000 0.027
7870.000 0.032
7880.000 0.038
7890.000 0.046
7900.000 0.052
7910.000 0.066
7920.000 0.066
7930.000 0.061
7940.000 0.062
7950.000 0.083
7960.000 0.077
7970.000 0.074
7980.000 0.090
7990.000 0.081
8000.000 0.112
8010.000 0.099
8020.000 0.095
8030.000 0.099
8040.000 0.098
8050.000 0.091
8060.000 0.104
8070.000 0.097
8080.000 0.101
8090.000 0.102
8100.000 0.097
8110.000 0.100
8120.000 0.108
8130.000 0.092
8140.000 0.100
8150.000 0.104
8160.000 0.104
8170.000 0.084
8180.000 0.076
8190.000 0.084
8200.000 0.078
8210.000 0.080
8220.000 0.073
8230.000 0.079
8240.000 0.067
8250.000 0.075
8260.000 0.071
8270.000 0.063
8280.000 0.070
8290.000 0.082
8300.000 0.068
8310.000 0.078
8320.000 0.088
8330.000 0.078
8340.000 0.089
8350.000 0.090
8360.000 0.091
8370.000 0.110
8380.000 0.091
8390.000 0.092
8400.000 0.108
8410.000 0.108
8420.000 0.102
8430.000 0.101
8440.000 0.068
8450.000 0.080
8460.000 0.103
8470.000 0.104
8480.000 0.117
8490.000 0.138
8500.000 0.112
8510.000 0.099
8520.000 0.085
8530.000 0.063
8540.000 0.063
8550.000 0.077
8560.000 0.075
8570.000 0.099
8580.000 0.108
8590.000 0.092
8600.000 0.094
8610.000 0.082
8620.000 0.082
8630.000 0.068
8640.000 0.067
8650.000 0.067
8660.000 0.080
8670.000 0.080
8680.000 0.069
8690.000 0.079
8700.000 0.072
8710.000 0.078
8720.000 0.072
8730.000 0.088
8740.000 0.091
8750.000 0.094
8760.000 0.096
8770.000 0.103
8780.000 0.098
8790.000 0.104
8800.000 0.103
8810.000 0.123
8820.000 0.115
8830.000 0.145
8840.000 0.145
8850.000 0.164
8860.000 0.180
8870.000 0.211
8880.000 0.256
8890.000 0.312
8900.000 0.376
8910.000 0.376
8920.000 0.520
8930.000 0.701
8940.000 1.001
8950.000 1.495
8960.000 2.348
8970.000 3.820
8980.000 5.980
8990.000 7.852
9000.000 7.747
9010.000 7.596
9020.000 8.500
9030.000 10.365
9040.000 13.087
9050.000 11.692
9060.000 15.291
9070.000 12.301
9080.000 9.440
9090.000 8.155
9100.000 7.649
9110.000 7.635
9120.000 8.105
9130.000 9.140
9140.000 10.852
9150.000 13.408
9160.000 16.347
9170.000 17.427
9180.000 14.299
9190.000 10.451
9200.000 8.389
9210.000 7.193
9220.000 6.399
9230.000 5.500
9240.000 5.162
9250.000 5.083
9260.000 5.261
9270.000 5.792
9280.000 6.726
9290.000 8.300
9300.000 10.587
9310.000 12.677
9320.000 12.511
9330.000 9.445
9340.000 6.820
9350.000 5.154
9360.000 4.135
9370.000 3.543
9380.000 2.832
9390.000 3.010
9400.000 2.996
9410.000 3.194
9420.000 3.646
9430.000 4.282
9440.000 5.210
9450.000 6.498
9460.000 8.148
9470.000 9.608
9480.000 9.452
9490.000 7.392
9500.000 5.715
9510.000 4.786
9520.000 4.786
9530.000 4.196
9540.000 3.788
9550.000 3.281
9560.000 3.207
9570.000 3.190
9580.000 3.353
9590.000 3.754
9600.000 4.358
9610.000 5.270
9620.000 6.344
9630.000 7.001
9640.000 7.001
9650.000 6.270
9660.000 4.557
9670.000 3.410
9680.000 2.697
9690.000 2.245
9700.000 1.977
9710.000 1.822
9720.000 1.774
9730.000 1.839
9740.000 2.121
9750.000 2.549
9760.000 3.012
9770.000 3.012
9780.000 3.075
9790.000 2.425
9800.000 1.603
9810.000 1.230
9820.000 1.073
9830.000 0.981
9840.000 0.948
9850.000 0.960
9860.000 0.969
9870.000 0.927
9880.000 0.741
9890.000 0.476
9900.000 0.295
9910.000 0.199
9920.000 0.150
9930.000 0.110
9940.000 0.092
9950.000 0.085
9960.000 0.071
9970.000 0.057
9980.000 0.057
9990.000 0.048
10000.000 0.051
10010.000 0.051
10020.000 0.047
10030.000 0.045
10040.000 0.042
10050.000 0.036
10060.000 0.036
10070.000 0.035
10080.000 0.031
10090.000 0.029
10100.000 0.025
10110.000 0.026
10120.000 0.030
10130.000 0.029
10140.000 0.033
10150.000 0.034
10160.000 0.035
10170.000 0.040
10180.000 0.045
10190.000 0.048
10200.000 0.050
10210.000 0.050
10220.000 0.053
10230.000 0.050
10240.000 0.054
10250.000 0.055
10260.000 0.055
10270.000 0.061
10280.000 0.058
10290.000 0.051
10300.000 0.057
10310.000 0.052
10320.000 0.058
10330.000 0.055
10340.000 0.062
10350.000 0.061
10360.000 0.054
10370.000 0.055
10380.000 0.054
10390.000 0.050
10400.000 0.057
10410.000 0.050
10420.000 0.054
10430.000 0.045
10440.000 0.052
10450.000 0.045
10460.000 0.044
10470.000 0.050
10480.000 0.044
10490.000 0.046
10500.000 0.042
10510.000 0.041
10520.000 0.041
10530.000 0.043
10540.000 0.045
10550.000 0.042
10560.000 0.042
10570.000 0.041
10580.000 0.036
10590.000 0.042
10600.000 0.043
10610.000 0.046
10620.000 0.051
10630.000 0.042
10640.000 0.036
10650.000 0.036
10660.000 0.041
10670.000 0.048
10680.000 0.046
10690.000 0.055
10700.000 0.057
10710.000 0.049
10720.000 0.047
10730.000 0.046
10740.000 0.046
10750.000 0.044
10760.000 0.044
10770.000 0.041
10780.000 0.045
10790.000 0.044
10800.000 0.041
10810.000 0.043
10820.000 0.043
10830.000 0.035
10840.000 0.036
10850.000 0.030
10860.000 0.031
10870.000 0.028
10880.000 0.028
10890.000 0.032
10900.000 0.032
10910.000 0.032
10920.000 0.034
10930.000 0.031
10940.000 0.033
10950.000 0.033
10960.000 0.036
10970.000 0.038
10980.000 0.040
10990.000 0.047
11000.000 0.049
11010.000 0.045
11020.000 0.045
11030.000 0.046
11040.000 0.051
11050.000 0.054
11060.000 0.065
11070.000 0.068
11080.000 0.077
11090.000 0.086
11100.000 0.103
11110.000 0.125
11120.000 0.159
11130.000 0.208
11140.000 0.302
11150.000 0.446
11160.000 0.683
11170.000 0.993
11180.000 1.205
11190.000 1.180
11200.000 1.190
11210.000 1.342
11220.000 1.641
11230.000 2.073
11240.000 2.504
11250.000 2.529
11260.000 2.529
11270.000 2.059
11280.000 1.711
11290.000 1.547
11300.000 1.495
11310.000 1.529
11320.000 1.654
11330.000 1.879
11340.000 2.231
11350.000 2.671
11360.000 3.027
11370.000 2.900
11380.000 2.289
11390.000 1.798
11400.000 1.517
11410.000 1.360
11420.000 1.286
11430.000 1.270
11440.000 1.305
11450.000 1.402
11460.000 1.558
11470.000 1.818
11480.000 2.156
11490.000 2.515
11500.000 2.670
11510.000 2.670
11520.000 2.358
11530.000 1.836
11540.000 1.475
11550.000 1.256
11560.000 1.112
11570.000 1.015
11580.000 0.964
11590.000 0.952
11600.000 0.975
11610.000 1.048
11620.000 1.166
11630.000 1.351
11640.000 1.597
11650.000 1.825
11660.000 1.857
11670.000 1.553
11680.000 1.153
11690.000 0.902
11700.000 0.738
11710.000 0.679
11720.000 0.649
11730.000 0.646
11740.000 0.664
11750.000 0.706
11760.000 0.779
11770.000 0.779
11780.000 0.885
11790.000 1.038
11800.000 1.260
11810.000 1.278
11820.000 1.092
11830.000 0.857
11840.000 0.704
11850.000 0.608
11860.000 0.545
11870.000 0.503
11880.000 0.503
11890.000 0.483
11900.000 0.478
11910.000 0.510
11920.000 0.560
11930.000 0.632
11940.000 0.682
11950.000 0.638
11960.000 0.524
11970.000 0.272
11980.000 0.203
11990.000 0.115
12000.000 0.115
