110.000 0.692
120.000 1.007
130.000 1.136
140.000 1.066
150.000 2.071
160.000 0.891
170.000 0.919
180.000 1.293
190.000 1.640
200.000 1.864
210.000 2.549
220.000 3.943
230.000 5.769
240.000 8.030
250.000 13.351
260.000 20.741
270.000 20.682
280.000 10.174
290.000 8.224
300.000 8.224
310.000 6.538
320.000 7.471
330.000 6.743
340.000 6.512
350.000 6.512
360.000 7.006
370.000 7.351
380.000 8.036
390.000 9.312
400.000 10.524
410.000 12.376
420.000 14.857
430.000 18.239
440.000 23.009
450.000 30.398
460.000 40.865
470.000 59.110
480.000 63.280
490.000 68.549
500.000 65.097
510.000 33.112
520.000 24.549
530.000 19.412
540.000 16.185
550.000 14.135
560.000 12.728
570.000 11.202
580.000 10.045
590.000 10.043
600.000 9.292
610.000 8.726
620.000 8.519
630.000 8.481
640.000 8.251
650.000 8.896
660.000 9.687
670.000 10.961
680.000 13.282
690.000 17.618
700.000 24.854
710.000 36.950
720.000 43.257
730.000 18.973
740.000 11.909
750.000 7.918
760.000 5.996
770.000 5.009
780.000 4.205
790.000 3.669
800.000 3.531
810.000 3.048
820.000 2.813
830.000 2.738
840.000 2.736
850.000 2.665
860.000 2.801
870.000 2.972
880.000 3.157
890.000 4.635
900.000 4.082
910.000 5.579
920.000 7.566
930.000 11.341
940.000 14.951
950.000 11.293
960.000 4.652
970.000 3.525
980.000 2.515
990.000 2.067
1000.000 2.052
1010.000 1.634
1020.000 1.515
1030.000 1.322
1040.000 1.191
1050.000 1.197
1060.000 1.131
1070.000 1.160
1080.000 1.374
1090.000 1.766
1100.000 1.725
1110.000 1.689
1120.000 2.243
1130.000 3.171
1140.000 4.851
1150.000 7.676
1160.000 10.583
1170.000 8.347
1180.000 4.653
1190.000 3.371
1200.000 2.801
1210.000 2.462
1220.000 2.442
1230.000 2.482
1240.000 2.634
1250.000 2.926
1260.000 3.321
1270.000 4.135
1280.000 5.000
1290.000 6.764
1300.000 9.735
1310.000 13.403
1320.000 13.498
1330.000 6.026
1340.000 6.026
1350.000 4.009
1360.000 2.926
1370.000 2.514
1380.000 2.137
1390.000 1.975
1400.000 1.726
1410.000 1.593
1420.000 1.517
1430.000 1.448
1440.000 1.427
1450.000 1.381
1460.000 1.365
1470.000 1.333
1480.000 1.468
1490.000 1.565
1500.000 1.627
1510.000 1.760
1520.000 1.930
1530.000 2.249
1540.000 2.708
1550.000 3.074
1560.000 3.796
1570.000 5.048
1580.000 5.048
1590.000 10.590
1600.000 10.590
1610.000 15.246
1620.000 17.104
1630.000 9.452
1640.000 6.236
1650.000 4.737
1660.000 4.174
1670.000 3.765
1680.000 3.502
1690.000 3.429
1700.000 3.582
1710.000 3.915
1720.000 4.333
1730.000 4.878
1740.000 5.619
1750.000 6.553
1760.000 7.921
1770.000 9.914
1780.000 13.184
1790.000 18.419
1800.000 26.395
1810.000 33.226
1820.000 26.843
1830.000 15.198
1840.000 15.198
1850.000 11.915
1860.000 10.027
1870.000 8.822
1880.000 8.191
1890.000 7.789
1900.000 7.597
1910.000 7.634
1920.000 7.782
1930.000 8.187
1940.000 8.779
1950.000 9.905
1960.000 11.557
1970.000 14.075
1980.000 18.063
1990.000 24.092
2000.000 31.029
2010.000 32.244
2020.000 32.244
2030.000 15.339
2040.000 12.210
2050.000 10.365
2060.000 9.196
2070.000 8.448
2080.000 7.976
2090.000 7.976
2100.000 7.829
2110.000 7.907
2120.000 8.263
2130.000 8.919
2140.000 10.111
2150.000 12.124
2160.000 15.358
2170.000 19.728
2180.000 22.864
2190.000 18.559
2200.000 10.924
2210.000 8.060
2220.000 6.372
2230.000 5.341
2240.000 4.758
2250.000 4.504
2260.000 4.483
2270.000 4.875
2280.000 5.662
2290.000 6.831
2300.000 7.184
2310.000 4.415
2320.000 1.797
2330.000 1.141
2340.000 0.781
2350.000 0.781
2360.000 0.536
2370.000 0.404
2380.000 0.303
2390.000 0.217
2400.000 0.173
2410.000 0.136
2420.000 0.062
2430.000 0.061
2440.000 0.050
2450.000 0.047
2460.000 0.036
2470.000 0.048
2480.000 0.059
2490.000 0.072
2500.000 0.058
2510.000 0.088
2520.000 0.079
2530.000 0.073
2540.000 0.067
2550.000 0.070
2560.000 0.061
2570.000 0.062
2580.000 0.062
2590.000 0.062
2600.000 0.046
2610.000 0.045
2620.000 0.052
2630.000 0.068
2640.000 0.068
2650.000 0.058
2660.000 0.054
2670.000 0.058
2680.000 0.065
2690.000 0.068
2700.000 0.075
2710.000 0.077
2720.000 0.088
2730.000 0.095
2740.000 0.108
2750.000 0.088
2760.000 0.088
2770.000 0.094
2780.000 0.096
2790.000 0.110
2800.000 0.108
2810.000 0.128
2820.000 0.116
2830.000 0.118
2840.000 0.118
2850.000 0.114
2860.000 0.114
2870.000 0.113
2880.000 0.106
2890.000 0.099
2900.000 0.106
2910.000 0.117
2920.000 0.113
2930.000 0.082
2940.000 0.077
2950.000 0.096
2960.000 0.086
2970.000 0.082
2980.000 0.086
2990.000 0.070
3000.000 0.084
3010.000 0.082
3020.000 0.078
3030.000 0.075
3040.000 0.079
3050.000 0.082
3060.000 0.087
3070.000 0.065
3080.000 0.065
3090.000 0.073
3100.000 0.073
3110.000 0.075
3120.000 0.092
3130.000 0.079
3140.000 0.088
3150.000 0.053
3160.000 0.064
3170.000 0.049
3180.000 0.051
3190.000 0.046
3200.000 0.028
3210.000 0.028
3220.000 0.020
3230.000 0.012
3240.000 0.029
3250.000 0.096
3260.000 0.141
3270.000 0.217
3280.000 0.295
3290.000 0.403
3300.000 0.605
3310.000 0.894
3320.000 1.345
3330.000 2.082
3340.000 2.082
3350.000 3.365
3360.000 5.812
3370.000 10.491
3380.000 18.385
3390.000 25.427
3400.000 21.865
3410.000 22.011
3420.000 26.358
3430.000 34.067
3440.000 40.512
3450.000 33.280
3460.000 20.053
3470.000 16.144
3480.000 14.292
3490.000 13.683
3500.000 14.018
3510.000 15.403
3520.000 18.092
3530.000 22.776
3540.000 30.126
3550.000 38.345
3560.000 38.025
3570.000 23.962
3580.000 17.119
3590.000 13.835
3600.000 13.834
3610.000 11.959
3620.000 10.940
3630.000 10.408
3640.000 10.365
3650.000 10.707
3660.000 11.585
3670.000 13.129
3680.000 15.699
3690.000 19.929
3700.000 26.043
3710.000 32.807
3720.000 32.126
3730.000 20.443
3740.000 14.184
3750.000 11.004
3760.000 9.125
3770.000 7.991
3780.000 7.338
3790.000 6.987
3800.000 6.981
3810.000 7.248
3820.000 7.921
3830.000 9.025
3840.000 9.025
3850.000 10.831
3860.000 13.797
3870.000 18.423
3880.000 24.667
3890.000 28.687
3900.000 23.151
3910.000 15.171
3920.000 11.912
3930.000 10.065
3940.000 8.953
3950.000 8.320
3960.000 8.000
3970.000 7.967
3980.000 8.233
3990.000 8.794
4000.000 9.747
4010.000 11.351
4020.000 13.969
4030.000 18.072
4040.000 23.953
4050.000 29.268
4060.000 27.222
4070.000 18.909
4080.000 15.273
4090.000 15.273
4100.000 13.775
4110.000 13.607
4120.000 14.522
4130.000 16.357
4140.000 17.863
4150.000 15.479
4160.000 8.883
4170.000 5.280
4180.000 3.501
4190.000 2.501
4200.000 1.873
4210.000 1.529
4220.000 1.307
4230.000 1.145
4240.000 1.028
4250.000 0.909
4260.000 0.849
4270.000 0.796
4280.000 0.743
4290.000 0.732
4300.000 0.689
4310.000 0.678
4320.000 0.679
4330.000 0.663
4340.000 0.648
4350.000 0.648
4360.000 0.674
4370.000 0.673
4380.000 0.660
4390.000 0.678
4400.000 0.702
4410.000 0.734
4420.000 0.798
4430.000 0.919
4440.000 1.076
4450.000 1.359
4460.000 1.802
4470.000 2.499
4480.000 3.374
4490.000 3.830
4500.000 2.867
4510.000 1.896
4520.000 1.483
4530.000 1.255
4540.000 1.119
4550.000 1.077
4560.000 1.096
4570.000 1.096
4580.000 1.318
4590.000 1.318
4600.000 1.577
4610.000 1.984
4620.000 2.660
4630.000 3.604
4640.000 4.507
4650.000 4.287
4660.000 2.928
4670.000 2.217
4680.000 1.842
4690.000 1.607
4700.000 1.449
4710.000 1.398
4720.000 1.389
4730.000 1.421
4740.000 1.541
4750.000 1.790
4760.000 2.168
4770.000 2.700
4780.000 2.700
4790.000 2.867
4800.000 1.547
4810.000 1.244
4820.000 1.067
4830.000 1.009
4840.000 1.009
4850.000 1.038
4860.000 1.130
4870.000 1.301
4880.000 1.642
4890.000 2.101
4900.000 2.408
4910.000 2.068
4920.000 1.453
4930.000 1.140
4940.000 1.036
4950.000 1.003
4960.000 1.061
4970.000 1.105
4980.000 0.905
4990.000 0.551
5000.000 0.344
5010.000 0.238
5020.000 0.185
5030.000 0.161
5040.000 0.126
5050.000 0.117
5060.000 0.105
5070.000 0.116
5080.000 0.120
5090.000 0.118
5100.000 0.118
5110.000 0.108
5120.000 0.122
5130.000 0.116
5140.000 0.086
5150.000 0.075
5160.000 0.065
5170.000 0.062
5180.000 0.055
5190.000 0.044
5200.000 0.041
5210.000 0.050
5220.000 0.056
5230.000 0.054
5240.000 0.046
5250.000 0.061
5260.000 0.062
5270.000 0.076
5280.000 0.071
5290.000 0.087
5300.000 0.083
5310.000 0.104
5320.000 0.094
5330.000 0.089
5340.000 0.089
5350.000 0.105
5360.000 0.107
5370.000 0.118
5380.000 0.108
5390.000 0.119
5400.000 0.120
5410.000 0.116
5420.000 0.124
5430.000 0.125
5440.000 0.109
5450.000 0.124
5460.000 0.114
5470.000 0.130
5480.000 0.125
5490.000 0.122
5500.000 0.134
5510.000 0.137
5520.000 0.121
5530.000 0.123
5540.000 0.112
5550.000 0.095
5560.000 0.135
5570.000 0.109
5580.000 0.108
5590.000 0.103
5600.000 0.103
5610.000 0.105
5620.000 0.096
5630.000 0.103
5640.000 0.109
5650.000 0.098
5660.000 0.100
5670.000 0.090
5680.000 0.105
5690.000 0.097
5700.000 0.096
5710.000 0.094
5720.000 0.113
5730.000 0.098
5740.000 0.105
5750.000 0.098
5760.000 0.106
5770.000 0.126
5780.000 0.115
5790.000 0.125
5800.000 0.124
5810.000 0.125
5820.000 0.129
5830.000 0.120
5840.000 0.119
5850.000 0.122
5860.000 0.111
5870.000 0.112
5880.000 0.116
5890.000 0.127
5900.000 0.107
5910.000 0.111
5920.000 0.113
5930.000 0.101
5940.000 0.102
5950.000 0.094
5960.000 0.097
5970.000 0.096
5980.000 0.091
5990.000 0.088
6000.000 0.089
6010.000 0.078
6020.000 0.074
6030.000 0.076
6040.000 0.075
6050.000 0.083
6060.000 0.076
6070.000 0.076
6080.000 0.086
6090.000 0.086
6100.000 0.103
6110.000 0.099
6120.000 0.121
6130.000 0.119
6140.000 0.108
6150.000 0.119
6160.000 0.115
6170.000 0.129
6180.000 0.114
6190.000 0.129
6200.000 0.124
6210.000 0.111
6220.000 0.126
6230.000 0.103
6240.000 0.105
6250.000 0.113
6260.000 0.106
6270.000 0.106
6280.000 0.100
6290.000 0.100
6300.000 0.117
6310.000 0.098
6320.000 0.109
6330.000 0.091
6340.000 0.094
6350.000 0.094
6360.000 0.104
6370.000 0.103
6380.000 0.108
6390.000 0.112
6400.000 0.104
6410.000 0.101
6420.000 0.100
6430.000 0.110
6440.000 0.098
6450.000 0.114
6460.000 0.112
6470.000 0.096
6480.000 0.112
6490.000 0.105
6500.000 0.113
6510.000 0.124
6520.000 0.114
6530.000 0.106
6540.000 0.119
6550.000 0.109
6560.000 0.115
6570.000 0.114
6580.000 0.120
6590.000 0.120
6600.000 0.110
6610.000 0.113
6620.000 0.128
6630.000 0.163
6640.000 0.220
6650.000 0.328
6660.000 0.499
6670.000 0.827
6680.000 1.453
6690.000 2.706
6700.000 5.114
6710.000 8.898
6720.000 12.248
6730.000 13.823
6740.000 17.529
6750.000 22.239
6760.000 22.803
6770.000 17.557
6780.000 15.610
6790.000 15.980
6800.000 18.181
6810.000 22.386
6820.000 28.081
6830.000 31.324
6840.000 31.324
6850.000 25.766
6860.000 18.525
6870.000 15.629
6880.000 14.492
6890.000 14.528
6900.000 15.672
6910.000 18.070
6920.000 22.124
6930.000 27.785
6940.000 32.552
6950.000 30.372
6960.000 21.754
6970.000 16.995
6980.000 14.702
6990.000 13.511
7000.000 13.228
7010.000 13.686
7020.000 14.983
7030.000 17.264
7040.000 20.716
7050.000 25.765
7060.000 31.175
7070.000 30.943
7080.000 23.188
7090.000 17.237
7100.000 17.213
7110.000 14.145
7120.000 12.538
7130.000 11.835
7140.000 11.947
7150.000 12.842
7160.000 14.763
7170.000 18.010
7180.000 23.279
7190.000 30.707
7200.000 38.074
7210.000 39.020
7220.000 32.720
7230.000 29.227
7240.000 28.074
7250.000 26.743
7260.000 20.854
7270.000 12.583
7280.000 7.968
7290.000 5.567
7300.000 4.139
7310.000 3.203
7320.000 2.581
7330.000 2.131
7340.000 2.131
7350.000 1.816
7360.000 1.589
7370.000 1.378
7380.000 1.263
7390.000 1.145
7400.000 1.062
7410.000 1.014
7420.000 0.965
7430.000 0.956
7440.000 0.939
7450.000 0.959
7460.000 1.005
7470.000 1.065
7480.000 1.162
7490.000 1.252
7500.000 1.434
7510.000 1.707
7520.000 2.092
7530.000 2.731
7540.000 3.586
7550.000 4.469
7560.000 4.620
7570.000 4.620
7580.000 2.854
7590.000 2.460
7600.000 2.460
7610.000 2.295
7620.000 2.285
7630.000 2.477
7640.000 2.804
7650.000 3.359
7660.000 4.159
7670.000 5.120
7680.000 5.667
7690.000 4.977
7700.000 3.725
7710.000 3.022
7720.000 2.635
7730.000 2.436
7740.000 2.407
7750.000 2.498
7760.000 2.758
7770.000 3.169
7780.000 3.603
7790.000 3.650
7800.000 2.949
7810.000 2.191
7820.000 1.790
7830.000 1.614
7840.000 1.614
7850.000 1.606
7860.000 1.693
7870.000 1.853
7880.000 2.005
7890.000 1.853
7900.000 1.386
7910.000 1.018
7920.000 0.792
7930.000 0.606
7940.000 0.398
7950.000 0.175
7960.000 0.037
7970.000 0.025
7980.000 0.054
7990.000 0.078
8000.000 0.073
8010.000 0.087
8020.000 0.106
8030.000 0.097
8040.000 0.091
8050.000 0.101
8060.000 0.099
8070.000 0.113
8080.000 0.109
8090.000 0.109
8100.000 0.106
8110.000 0.113
8120.000 0.093
8130.000 0.100
8140.000 0.103
8150.000 0.109
8160.000 0.091
8170.000 0.097
8180.000 0.098
8190.000 0.091
8200.000 0.082
8210.000 0.081
8220.000 0.093
8230.000 0.086
8240.000 0.087
8250.000 0.082
8260.000 0.096
8270.000 0.087
8280.000 0.086
8290.000 0.078
8300.000 0.075
8310.000 0.079
8320.000 0.083
8330.000 0.089
8340.000 0.092
8350.000 0.092
8360.000 0.091
8370.000 0.083
8380.000 0.098
8390.000 0.096
8400.000 0.096
8410.000 0.094
8420.000 0.100
8430.000 0.095
8440.000 0.097
8450.000 0.095
8460.000 0.109
8470.000 0.089
8480.000 0.109
8490.000 0.092
8500.000 0.094
8510.000 0.101
8520.000 0.089
8530.000 0.086
8540.000 0.096
8550.000 0.083
8560.000 0.100
8570.000 0.095
8580.000 0.092
8590.000 0.092
8600.000 0.080
8610.000 0.083
8620.000 0.082
8630.000 0.075
8640.000 0.075
8650.000 0.069
8660.000 0.080
8670.000 0.069
8680.000 0.077
8690.000 0.077
8700.000 0.081
8710.000 0.072
8720.000 0.074
8730.000 0.084
8740.000 0.073
8750.000 0.091
8760.000 0.092
8770.000 0.083
8780.000 0.092
8790.000 0.090
8800.000 0.088
8810.000 0.093
8820.000 0.091
8830.000 0.095
8840.000 0.095
8850.000 0.082
8860.000 0.098
8870.000 0.095
8880.000 0.086
8890.000 0.099
8900.000 0.086
8910.000 0.082
8920.000 0.079
8930.000 0.078
8940.000 0.079
8950.000 0.081
8960.000 0.081
8970.000 0.073
8980.000 0.081
8990.000 0.076
9000.000 0.082
9010.000 0.087
9020.000 0.079
9030.000 0.079
9040.000 0.081
9050.000 0.081
9060.000 0.071
9070.000 0.074
9080.000 0.076
9090.000 0.084
9100.000 0.084
9110.000 0.081
9120.000 0.084
9130.000 0.079
9140.000 0.092
9150.000 0.080
9160.000 0.084
9170.000 0.085
9180.000 0.089
9190.000 0.082
9200.000 0.089
9210.000 0.083
9220.000 0.079
9230.000 0.086
9240.000 0.086
9250.000 0.082
9260.000 0.079
9270.000 0.078
9280.000 0.077
9290.000 0.085
9300.000 0.080
9310.000 0.071
9320.000 0.067
9330.000 0.064
9340.000 0.064
9350.000 0.063
9360.000 0.065
9370.000 0.052
9380.000 0.057
9390.000 0.060
9400.000 0.061
9410.000 0.056
9420.000 0.060
9430.000 0.059
9440.000 0.056
9450.000 0.063
9460.000 0.063
9470.000 0.061
9480.000 0.074
9490.000 0.070
9500.000 0.070
9510.000 0.071
9520.000 0.073
9530.000 0.082
9540.000 0.074
9550.000 0.080
9560.000 0.077
9570.000 0.078
9580.000 0.082
9590.000 0.076
9600.000 0.076
9610.000 0.083
9620.000 0.084
9630.000 0.074
9640.000 0.074
9650.000 0.072
9660.000 0.080
9670.000 0.069
9680.000 0.067
9690.000 0.067
9700.000 0.058
9710.000 0.056
9720.000 0.060
9730.000 0.056
9740.000 0.062
9750.000 0.059
9760.000 0.058
9770.000 0.056
9780.000 0.058
9790.000 0.054
9800.000 0.057
9810.000 0.053
9820.000 0.059
9830.000 0.057
9840.000 0.057
9850.000 0.057
9860.000 0.072
9870.000 0.065
9880.000 0.071
9890.000 0.073
9900.000 0.073
9910.000 0.087
9920.000 0.091
9930.000 0.112
9940.000 0.143
9950.000 0.184
9960.000 0.274
9970.000 0.435
9980.000 0.756
9990.000 1.229
10000.000 1.700
10010.000 2.049
10020.000 2.652
10030.000 3.413
10040.000 3.716
10050.000 3.319
10060.000 3.205
10070.000 3.474
10080.000 4.099
10090.000 4.099
10100.000 5.025
10110.000 5.774
10120.000 5.425
10130.000 4.315
10140.000 3.726
10150.000 3.557
10160.000 3.679
10170.000 4.095
10180.000 4.830
10190.000 5.786
10200.000 6.468
10210.000 5.997
10220.000 4.717
10230.000 3.905
10240.000 3.511
10250.000 3.394
10260.000 3.491
10270.000 3.809
10280.000 4.380
10290.000 5.222
10300.000 6.124
10310.000 6.440
10320.000 5.529
10330.000 5.529
10340.000 3.591
10350.000 3.591
10360.000 3.186
10370.000 2.992
10380.000 2.973
10390.000 3.111
10400.000 3.434
10410.000 4.001
10420.000 4.834
10430.000 5.976
10440.000 7.124
10450.000 7.688
10460.000 7.417
10470.000 6.988
10480.000 6.666
10490.000 6.054
10500.000 4.738
10510.000 3.144
10520.000 2.063
10530.000 1.436
10540.000 1.436
10550.000 1.049
10560.000 0.621
10570.000 0.511
10580.000 0.439
10590.000 0.439
10600.000 0.409
10610.000 0.392
10620.000 0.379
10630.000 0.388
10640.000 0.398
10650.000 0.423
10660.000 0.435
10670.000 0.485
10680.000 0.544
10690.000 0.617
10700.000 0.733
10710.000 0.865
10720.000 1.005
10730.000 1.107
10740.000 1.158
10750.000 1.121
10760.000 1.001
10770.000 0.903
10780.000 0.859
10790.000 0.867
10800.000 0.920
10810.000 1.024
10820.000 1.171
10830.000 1.309
10840.000 1.309
10850.000 1.336
10860.000 1.155
10870.000 0.918
10880.000 0.743
10890.000 0.650
10900.000 0.596
10910.000 0.587
10920.000 0.605
10930.000 0.632
10940.000 0.658
10950.000 0.650
10960.000 0.588
10970.000 0.505
10980.000 0.438
10990.000 0.414
11000.000 0.412
11010.000 0.422
11020.000 0.424
11030.000 0.377
11040.000 0.285
11050.000 0.197
11060.000 0.133
11070.000 0.086
11080.000 0.041
11090.000 0.028
11100.000 0.028
11110.000 0.027
11120.000 0.026
11130.000 0.029
11140.000 0.027
11150.000 0.026
11160.000 0.026
11170.000 0.027
11180.000 0.023
11190.000 0.023
11200.000 0.019
11210.000 0.021
11220.000 0.018
11230.000 0.020
11240.000 0.018
11250.000 0.018
11260.000 0.019
11270.000 0.019
11280.000 0.021
11290.000 0.020
11300.000 0.026
11310.000 0.024
11320.000 0.026
11330.000 0.027
11340.000 0.027
11350.000 0.029
11360.000 0.027
11370.000 0.028
11380.000 0.026
11390.000 0.032
11400.000 0.032
11410.000 0.029
11420.000 0.030
11430.000 0.026
11440.000 0.032
11450.000 0.026
11460.000 0.027
11470.000 0.029
11480.000 0.032
11490.000 0.027
11500.000 0.029
11510.000 0.031
11520.000 0.027
11530.000 0.027
11540.000 0.027
11550.000 0.024
11560.000 0.026
11570.000 0.024
11580.000 0.022
11590.000 0.025
11600.000 0.025
11610.000 0.023
11620.000 0.022
11630.000 0.018
11640.000 0.021
11650.000 0.022
11660.000 0.021
11670.000 0.021
11680.000 0.018
11690.000 0.020
11700.000 0.022
11710.000 0.020
11720.000 0.021
11730.000 0.020
11740.000 0.023
11750.000 0.023
11760.000 0.023
11770.000 0.025
11780.000 0.021
11790.000 0.022
11800.000 0.022
11810.000 0.023
11820.000 0.023
11830.000 0.023
11840.000 0.021
11850.000 0.020
11860.000 0.021
11870.000 0.021
11880.000 0.021
11890.000 0.023
11900.000 0.021
11910.000 0.021
11920.000 0.022
11930.000 0.022
11940.000 0.023
11950.000 0.022
11960.000 0.022
11970.000 0.022
11980.000 0.024
11990.000 0.022
12000.000 0.016
