110.000 0.360
120.000 0.399
130.000 0.558
140.000 1.055
150.000 0.780
160.000 1.101
170.000 1.172
180.000 1.891
190.000 1.350
200.000 1.145
210.000 1.780
220.000 3.278
230.000 3.175
240.000 4.481
250.000 5.800
260.000 9.191
270.000 13.253
280.000 19.918
290.000 25.233
300.000 20.049
310.000 9.215
320.000 8.318
330.000 7.319
340.000 7.204
350.000 6.950
360.000 7.034
370.000 7.838
380.000 7.975
390.000 8.631
400.000 9.801
410.000 10.512
420.000 11.850
430.000 12.565
440.000 14.891
450.000 17.013
460.000 19.206
470.000 21.531
480.000 24.577
490.000 31.273
500.000 36.532
510.000 45.028
520.000 60.561
530.000 64.385
540.000 68.357
550.000 66.711
560.000 23.994
570.000 18.081
580.000 14.879
590.000 13.579
600.000 11.902
610.000 10.281
620.000 8.969
630.000 8.016
640.000 7.510
650.000 6.948
660.000 6.111
670.000 5.837
680.000 5.560
690.000 5.558
700.000 5.483
710.000 5.478
720.000 5.945
730.000 6.348
740.000 7.454
750.000 8.744
760.000 11.162
770.000 14.982
780.000 21.113
790.000 27.649
800.000 10.573
810.000 7.097
820.000 7.097
830.000 5.078
840.000 3.508
850.000 3.056
860.000 2.773
870.000 2.472
880.000 2.141
890.000 2.139
900.000 1.898
910.000 1.816
920.000 1.776
930.000 1.779
940.000 1.776
950.000 1.749
960.000 1.847
970.000 1.917
980.000 2.165
990.000 2.527
1000.000 2.961
1010.000 3.676
1020.000 5.039
1030.000 6.957
1040.000 9.154
1050.000 8.737
1060.000 2.917
1070.000 2.152
1080.000 1.709
1090.000 1.417
1100.000 1.134
1110.000 1.009
1120.000 0.949
1130.000 0.891
1140.000 0.937
1150.000 0.861
1160.000 0.833
1170.000 0.951
1180.000 1.028
1190.000 1.131
1200.000 1.286
1210.000 1.499
1220.000 2.133
1230.000 2.132
1240.000 3.488
1250.000 4.297
1260.000 5.707
1270.000 8.141
1280.000 11.694
1290.000 15.819
1300.000 8.452
1310.000 6.438
1320.000 5.322
1330.000 4.587
1340.000 4.104
1350.000 3.838
1360.000 3.547
1370.000 3.466
1380.000 3.246
1390.000 3.233
1400.000 3.224
1410.000 3.292
1420.000 3.436
1430.000 3.514
1440.000 3.692
1450.000 3.868
1460.000 4.341
1470.000 4.768
1480.000 6.630
1490.000 8.076
1500.000 10.332
1510.000 14.044
1520.000 19.401
1530.000 26.357
1540.000 29.602
1550.000 21.318
1560.000 13.058
1570.000 10.008
1580.000 6.914
1590.000 6.060
1600.000 5.493
1610.000 5.092
1620.000 4.843
1630.000 4.697
1640.000 4.537
1650.000 4.501
1660.000 4.564
1670.000 4.712
1680.000 5.069
1690.000 5.629
1700.000 6.522
1710.000 7.736
1720.000 11.508
1730.000 14.415
1740.000 14.415
1750.000 18.629
1760.000 33.647
1770.000 44.682
1780.000 51.078
1790.000 41.791
1800.000 22.117
1810.000 22.117
1820.000 16.242
1830.000 14.712
1840.000 13.613
1850.000 12.847
1860.000 12.312
1870.000 11.862
1880.000 11.370
1890.000 11.370
1900.000 11.487
1910.000 11.763
1920.000 12.257
1930.000 12.905
1940.000 13.854
1950.000 15.162
1960.000 16.854
1970.000 19.215
1980.000 26.462
1990.000 31.805
2000.000 37.898
2010.000 43.082
2020.000 44.145
2030.000 39.723
2040.000 33.153
2050.000 27.679
2060.000 20.699
2070.000 18.433
2080.000 16.838
2090.000 15.597
2100.000 14.627
2110.000 13.882
2120.000 13.352
2130.000 13.018
2140.000 12.854
2150.000 13.040
2160.000 13.374
2170.000 13.995
2180.000 14.849
2190.000 15.916
2200.000 17.388
2210.000 19.489
2220.000 26.744
2230.000 32.095
2240.000 37.038
2250.000 37.522
2260.000 30.357
2270.000 21.688
2280.000 16.155
2290.000 12.478
2300.000 10.260
2310.000 8.569
2320.000 7.779
2330.000 7.182
2340.000 7.045
2350.000 7.020
2360.000 7.155
2370.000 7.390
2380.000 7.804
2390.000 8.430
2400.000 10.903
2410.000 13.080
2420.000 16.115
2430.000 19.419
2440.000 20.006
2450.000 14.726
2460.000 9.000
2470.000 6.488
2480.000 5.021
2490.000 4.009
2500.000 2.762
2510.000 2.340
2520.000 1.978
2530.000 1.705
2540.000 1.496
2550.000 1.313
2560.000 1.019
2570.000 0.919
2580.000 0.837
2590.000 0.762
2600.000 0.699
2610.000 0.654
2620.000 0.617
2630.000 0.581
2640.000 0.528
2650.000 0.528
2660.000 0.558
2670.000 0.558
2680.000 0.620
2690.000 0.663
2700.000 0.703
2710.000 0.744
2720.000 0.851
2730.000 0.907
2740.000 0.982
2750.000 1.075
2760.000 1.140
2770.000 1.227
2780.000 1.296
2790.000 1.316
2800.000 1.196
2810.000 1.196
2820.000 0.858
2830.000 0.736
2840.000 0.605
2850.000 0.526
2860.000 0.423
2870.000 0.356
2880.000 0.310
2890.000 0.256
2900.000 0.187
2910.000 0.146
2920.000 0.137
2930.000 0.098
2940.000 0.090
2950.000 0.081
2960.000 0.060
2970.000 0.049
2980.000 0.028
2990.000 0.031
3000.000 0.031
3010.000 0.023
3020.000 0.021
3030.000 0.020
3040.000 0.019
3050.000 0.021
3060.000 0.028
3070.000 0.032
3080.000 0.030
3090.000 0.044
3100.000 0.029
3110.000 0.033
3120.000 0.056
3130.000 0.058
3140.000 0.083
3150.000 0.074
3160.000 0.095
3170.000 0.117
3180.000 0.120
3190.000 0.148
3200.000 0.154
3210.000 0.187
3220.000 0.207
3230.000 0.278
3240.000 0.310
3250.000 0.379
3260.000 0.417
3270.000 0.489
3280.000 0.549
3290.000 0.670
3300.000 1.002
3310.000 1.002
3320.000 1.563
3330.000 2.030
3340.000 2.753
3350.000 3.832
3360.000 5.603
3370.000 8.282
3380.000 11.364
3390.000 12.083
3400.000 6.732
3410.000 6.732
3420.000 5.521
3430.000 5.343
3440.000 5.417
3450.000 5.636
3460.000 6.100
3470.000 6.804
3480.000 9.763
3490.000 12.574
3500.000 16.914
3510.000 22.123
3520.000 23.866
3530.000 16.378
3540.000 10.483
3550.000 8.204
3560.000 6.053
3570.000 6.053
3580.000 5.085
3590.000 4.847
3600.000 4.696
3610.000 4.663
3620.000 4.734
3630.000 4.848
3640.000 5.494
3650.000 6.097
3660.000 6.922
3670.000 8.228
3680.000 10.102
3690.000 12.978
3700.000 17.082
3710.000 21.441
3720.000 15.335
3730.000 10.575
3740.000 8.176
3750.000 8.176
3760.000 5.700
3770.000 5.037
3780.000 4.530
3790.000 4.192
3800.000 3.767
3810.000 3.767
3820.000 3.767
3830.000 3.836
3840.000 4.002
3850.000 4.314
3860.000 4.767
3870.000 5.404
3880.000 6.262
3890.000 7.533
3900.000 12.048
3910.000 15.869
3920.000 19.726
3930.000 19.693
3940.000 13.353
3950.000 9.194
3960.000 7.165
3970.000 5.911
3980.000 4.439
3990.000 3.941
4000.000 3.520
4010.000 3.253
4020.000 3.027
4030.000 2.878
4040.000 2.799
4050.000 2.766
4060.000 2.907
4070.000 3.106
4080.000 3.403
4090.000 3.868
4100.000 4.493
4110.000 5.459
4120.000 6.961
4130.000 9.099
4140.000 12.118
4150.000 14.809
4160.000 9.684
4170.000 6.631
4180.000 5.073
4190.000 4.052
4200.000 3.547
4210.000 3.267
4220.000 2.898
4230.000 2.784
4240.000 2.748
4250.000 2.731
4260.000 2.747
4270.000 2.834
4280.000 2.974
4290.000 3.152
4300.000 3.419
4310.000 3.734
4320.000 4.241
4330.000 5.906
4340.000 7.338
4350.000 9.320
4360.000 11.565
4370.000 12.507
4380.000 10.052
4390.000 6.709
4400.000 4.156
4410.000 3.524
4420.000 3.101
4430.000 2.814
4440.000 2.603
4450.000 2.487
4460.000 2.388
4470.000 2.367
4480.000 2.350
4490.000 2.374
4500.000 2.588
4510.000 2.780
4520.000 3.077
4530.000 3.491
4540.000 4.161
4550.000 5.116
4560.000 8.624
4570.000 10.904
4580.000 11.673
4590.000 8.955
4600.000 6.058
4610.000 4.747
4620.000 4.009
4630.000 3.556
4640.000 3.025
4650.000 2.852
4660.000 2.736
4670.000 2.736
4680.000 2.601
4690.000 2.584
4700.000 2.600
4710.000 2.664
4720.000 3.009
4730.000 3.362
4740.000 3.888
4750.000 4.706
4760.000 5.855
4770.000 7.170
4780.000 7.802
4790.000 6.629
4800.000 3.903
4810.000 3.368
4820.000 3.051
4830.000 2.848
4840.000 2.753
4850.000 2.755
4860.000 2.764
4870.000 2.831
4880.000 2.996
4890.000 3.244
4900.000 4.135
4910.000 4.917
4920.000 6.009
4930.000 7.652
4940.000 9.944
4950.000 12.632
4960.000 14.284
4970.000 12.752
4980.000 7.715
4990.000 6.637
5000.000 6.110
5010.000 5.856
5020.000 5.771
5030.000 5.835
5040.000 6.068
5050.000 6.479
5060.000 8.152
5070.000 9.594
5080.000 11.490
5090.000 13.653
5100.000 14.694
5110.000 12.708
5120.000 9.075
5130.000 6.874
5140.000 4.940
5150.000 4.589
5160.000 4.464
5170.000 4.584
5180.000 4.794
5190.000 4.740
5200.000 3.895
5210.000 2.463
5220.000 1.548
5230.000 1.050
5240.000 0.552
5250.000 0.552
5260.000 0.318
5270.000 0.263
5280.000 0.222
5290.000 0.179
5300.000 0.153
5310.000 0.149
5320.000 0.148
5330.000 0.142
5340.000 0.145
5350.000 0.151
5360.000 0.157
5370.000 0.143
5380.000 0.146
5390.000 0.146
5400.000 0.151
5410.000 0.130
5420.000 0.142
5430.000 0.131
5440.000 0.135
5450.000 0.125
5460.000 0.121
5470.000 0.109
5480.000 0.101
5490.000 0.093
5500.000 0.105
5510.000 0.116
5520.000 0.108
5530.000 0.097
5540.000 0.096
5550.000 0.098
5560.000 0.081
5570.000 0.064
5580.000 0.071
5590.000 0.068
5600.000 0.068
5610.000 0.052
5620.000 0.064
5630.000 0.055
5640.000 0.047
5650.000 0.063
5660.000 0.064
5670.000 0.072
5680.000 0.079
5690.000 0.080
5700.000 0.081
5710.000 0.097
5720.000 0.096
5730.000 0.099
5740.000 0.110
5750.000 0.111
5760.000 0.126
5770.000 0.113
5780.000 0.103
5790.000 0.118
5800.000 0.128
5810.000 0.128
5820.000 0.130
5830.000 0.143
5840.000 0.123
5850.000 0.129
5860.000 0.145
5870.000 0.141
5880.000 0.129
5890.000 0.129
5900.000 0.114
5910.000 0.116
5920.000 0.111
5930.000 0.107
5940.000 0.098
5950.000 0.095
5960.000 0.095
5970.000 0.075
5980.000 0.080
5990.000 0.096
6000.000 0.096
