110.000 0.219
120.000 0.245
130.000 1.433
140.000 1.898
150.000 2.144
160.000 1.849
170.000 1.849
180.000 2.354
190.000 2.419
200.000 2.463
210.000 3.084
220.000 2.916
230.000 2.958
240.000 3.510
250.000 3.314
260.000 3.461
270.000 3.792
280.000 3.934
290.000 4.195
300.000 4.428
310.000 4.559
320.000 5.103
330.000 5.481
340.000 5.804
350.000 6.566
360.000 7.119
370.000 7.705
380.000 8.609
390.000 9.439
400.000 10.310
410.000 11.550
420.000 12.919
430.000 12.919
440.000 14.300
450.000 15.387
460.000 16.747
470.000 17.670
480.000 18.373
490.000 18.760
500.000 18.350
510.000 18.350
520.000 17.928
530.000 17.402
540.000 17.422
550.000 17.125
560.000 16.986
570.000 16.696
580.000 16.021
590.000 15.712
600.000 15.478
610.000 15.241
620.000 15.084
630.000 15.101
640.000 15.342
650.000 15.942
660.000 16.451
670.000 16.451
680.000 17.827
690.000 22.092
700.000 22.092
710.000 30.702
720.000 39.426
730.000 39.426
740.000 52.148
750.000 60.495
760.000 59.419
770.000 37.041
780.000 21.722
790.000 15.787
800.000 11.638
810.000 9.485
820.000 7.474
830.000 6.334
840.000 5.359
850.000 4.627
860.000 4.167
870.000 3.979
880.000 3.756
890.000 3.084
900.000 2.810
910.000 2.579
920.000 2.351
930.000 2.261
940.000 2.261
950.000 1.983
960.000 1.842
970.000 1.658
980.000 1.497
990.000 1.313
1000.000 1.167
1010.000 1.058
1020.000 0.943
1030.000 0.848
1040.000 0.754
1050.000 0.705
1060.000 0.613
1070.000 0.620
1080.000 0.589
1090.000 0.554
1100.000 0.605
1110.000 0.593
1120.000 0.657
1130.000 0.700
1140.000 0.719
1150.000 0.747
1160.000 0.828
1170.000 0.927
1180.000 0.927
1190.000 1.090
1200.000 1.175
1210.000 1.344
1220.000 1.530
1230.000 1.667
1240.000 1.867
1250.000 2.072
1260.000 2.377
1270.000 2.546
1280.000 2.871
1290.000 3.119
1300.000 3.383
1310.000 3.771
1320.000 4.322
1330.000 4.838
1340.000 5.426
1350.000 6.121
1360.000 7.071
1370.000 8.140
1380.000 9.692
1390.000 11.759
1400.000 14.766
1410.000 18.898
1420.000 18.898
1430.000 25.652
1440.000 35.314
1450.000 47.155
1460.000 49.453
1470.000 33.705
1480.000 23.608
1490.000 18.488
1500.000 15.441
1510.000 12.936
1520.000 11.446
1530.000 10.569
1540.000 9.712
1550.000 8.914
1560.000 8.346
1570.000 7.907
1580.000 7.305
1590.000 6.912
1600.000 6.566
1610.000 6.213
1620.000 5.912
1630.000 5.572
1640.000 5.365
1650.000 5.161
1660.000 4.930
1670.000 4.837
1680.000 4.837
1690.000 4.807
1700.000 4.943
1710.000 5.233
1720.000 5.629
1730.000 6.069
1740.000 6.461
1750.000 6.790
1760.000 7.104
1770.000 7.328
1780.000 7.577
1790.000 7.807
1800.000 8.000
1810.000 8.274
1820.000 8.538
1830.000 8.871
1840.000 9.168
1850.000 9.473
1860.000 9.683
1870.000 9.935
1880.000 10.237
1890.000 10.617
1900.000 10.963
1910.000 11.459
1920.000 11.459
1930.000 11.943
1940.000 12.525
1950.000 13.158
1960.000 13.913
1970.000 14.759
1980.000 17.058
1990.000 18.474
2000.000 18.474
2010.000 20.240
2020.000 22.430
2030.000 24.864
2040.000 27.733
2050.000 31.116
2060.000 35.142
2070.000 39.965
2080.000 45.961
2090.000 52.563
2100.000 58.113
2110.000 59.795
2120.000 59.910
2130.000 57.395
2140.000 50.602
2150.000 42.737
2160.000 36.074
2170.000 36.074
2180.000 30.774
2190.000 23.232
2200.000 20.520
2210.000 18.298
2220.000 18.297
2230.000 16.475
2240.000 14.873
2250.000 13.580
2260.000 12.413
2270.000 11.390
2280.000 10.516
2290.000 9.700
2300.000 8.933
2310.000 8.213
2320.000 7.557
2330.000 6.991
2340.000 6.485
2350.000 6.038
2360.000 5.648
2370.000 5.362
2380.000 5.077
2390.000 4.906
2400.000 4.709
2410.000 4.538
2420.000 4.371
2430.000 4.371
2440.000 4.179
2450.000 4.007
2460.000 3.841
2470.000 3.696
2480.000 3.537
2490.000 3.386
2500.000 3.242
2510.000 3.114
2520.000 2.938
2530.000 2.776
2540.000 2.605
2550.000 2.432
2560.000 2.319
2570.000 2.199
2580.000 2.084
2590.000 1.998
2600.000 1.898
2610.000 1.851
2620.000 1.766
2630.000 1.689
2640.000 1.648
2650.000 1.605
2660.000 1.561
2670.000 1.561
2680.000 1.525
2690.000 1.500
2700.000 1.544
2710.000 1.590
2720.000 1.634
2730.000 1.665
2740.000 1.711
2750.000 1.733
2760.000 1.738
2770.000 1.783
2780.000 1.793
2790.000 1.802
2800.000 1.807
2810.000 1.808
2820.000 1.822
2830.000 1.811
2840.000 1.822
2850.000 1.812
2860.000 1.821
2870.000 1.814
2880.000 1.808
2890.000 1.798
2900.000 1.827
2910.000 1.828
2920.000 1.828
2930.000 1.853
2940.000 1.868
2950.000 1.874
2960.000 1.904
2970.000 1.928
2980.000 1.940
2990.000 1.940
3000.000 1.965
3010.000 1.986
3020.000 2.025
3030.000 2.044
3040.000 2.109
3050.000 2.142
3060.000 2.196
3070.000 2.266
3080.000 2.326
3090.000 2.436
3100.000 2.528
3110.000 2.644
3120.000 2.826
3130.000 3.007
3140.000 3.203
3150.000 3.422
3160.000 3.626
3170.000 3.849
3180.000 3.850
3190.000 4.116
3200.000 4.393
3210.000 4.683
3220.000 5.023
3230.000 5.408
3240.000 6.334
3250.000 6.334
3260.000 6.901
3270.000 7.565
3280.000 8.418
3290.000 9.475
3300.000 10.791
3310.000 12.501
3320.000 14.810
3330.000 18.012
3340.000 22.582
3350.000 29.371
3360.000 39.712
3370.000 54.225
3380.000 57.928
3390.000 53.331
3400.000 35.308
3410.000 26.490
3420.000 26.490
3430.000 21.500
3440.000 18.331
3450.000 15.964
3460.000 14.245
3470.000 12.955
3480.000 11.245
3490.000 10.683
3500.000 10.683
3510.000 10.281
3520.000 9.982
3530.000 9.851
3540.000 9.755
3550.000 9.695
3560.000 9.683
3570.000 9.679
3580.000 9.720
3590.000 9.740
3600.000 9.800
3610.000 9.925
3620.000 10.097
3630.000 10.130
3640.000 10.176
3650.000 10.324
3660.000 10.556
3670.000 10.885
3680.000 10.885
3690.000 12.057
3700.000 12.977
3710.000 12.977
3720.000 14.095
3730.000 15.816
3740.000 18.072
3750.000 21.148
3760.000 25.551
3770.000 32.208
3780.000 41.585
3790.000 53.771
3800.000 59.770
3810.000 54.851
3820.000 38.067
3830.000 26.751
3840.000 20.546
3850.000 16.520
3860.000 14.395
3870.000 12.779
3880.000 11.532
3890.000 10.460
3900.000 9.592
3910.000 8.884
3920.000 8.274
3930.000 8.274
3940.000 7.699
3950.000 7.230
3960.000 6.805
3970.000 6.434
3980.000 6.074
3990.000 5.784
4000.000 5.515
4010.000 5.241
4020.000 5.037
4030.000 4.869
4040.000 4.711
4050.000 4.566
4060.000 4.460
4070.000 4.384
4080.000 4.215
4090.000 4.111
4100.000 3.988
4110.000 3.897
4120.000 3.835
4130.000 3.793
4140.000 3.743
4150.000 3.740
4160.000 3.717
4170.000 3.717
4180.000 3.734
4190.000 3.732
4200.000 3.755
4210.000 3.795
4220.000 3.859
4230.000 3.940
4240.000 4.111
4250.000 4.300
4260.000 4.555
4270.000 4.844
4280.000 5.203
4290.000 5.633
4300.000 6.140
4310.000 6.747
4320.000 7.493
4330.000 8.397
4340.000 9.633
4350.000 11.190
4360.000 13.472
4370.000 16.691
4380.000 21.357
4390.000 27.617
4400.000 33.122
4410.000 31.255
4420.000 21.527
4430.000 21.527
4440.000 15.424
4450.000 12.014
4460.000 9.853
4470.000 8.364
4480.000 7.278
4490.000 6.465
4500.000 5.824
4510.000 5.326
4520.000 4.893
4530.000 4.483
4540.000 4.150
4550.000 3.863
4560.000 3.629
4570.000 3.436
4580.000 3.260
4590.000 3.134
4600.000 3.028
4610.000 2.952
4620.000 2.884
4630.000 2.873
4640.000 2.864
4650.000 2.838
4660.000 2.789
4670.000 2.789
4680.000 2.709
4690.000 2.638
4700.000 2.530
4710.000 2.440
4720.000 2.355
4730.000 2.268
4740.000 2.180
4750.000 2.130
4760.000 2.058
4770.000 2.033
4780.000 2.039
4790.000 2.101
4800.000 2.225
4810.000 2.361
4820.000 2.556
4830.000 2.818
4840.000 3.112
4850.000 3.549
4860.000 4.065
4870.000 4.741
4880.000 5.590
4890.000 6.704
4900.000 8.241
4910.000 10.415
4920.000 10.415
4930.000 13.496
4940.000 17.917
4950.000 23.880
4960.000 29.807
4970.000 29.807
4980.000 15.989
4990.000 15.989
5000.000 12.670
5010.000 10.561
5020.000 9.261
5030.000 8.268
5040.000 7.501
5050.000 6.885
5060.000 6.342
5070.000 5.913
5080.000 5.496
5090.000 5.153
5100.000 4.820
5110.000 4.529
5120.000 4.238
5130.000 3.959
5140.000 3.703
5150.000 3.474
5160.000 3.249
5170.000 3.040
5180.000 2.843
5190.000 2.627
5200.000 2.400
5210.000 2.400
5220.000 2.213
5230.000 2.030
5240.000 1.877
5250.000 1.733
5260.000 1.593
5270.000 1.488
5280.000 1.360
5290.000 1.271
5300.000 1.196
5310.000 1.132
5320.000 1.059
5330.000 1.064
5340.000 1.032
5350.000 1.022
5360.000 1.013
5370.000 1.000
5380.000 0.961
5390.000 0.928
5400.000 0.905
5410.000 0.870
5420.000 0.870
5430.000 0.850
5440.000 0.822
5450.000 0.787
5460.000 0.748
5470.000 0.733
5480.000 0.715
5490.000 0.662
5500.000 0.652
5510.000 0.612
5520.000 0.589
5530.000 0.576
5540.000 0.535
5550.000 0.549
5560.000 0.522
5570.000 0.484
5580.000 0.477
5590.000 0.447
5600.000 0.445
5610.000 0.417
5620.000 0.415
5630.000 0.391
5640.000 0.385
5650.000 0.364
5660.000 0.373
5670.000 0.361
5680.000 0.361
5690.000 0.350
5700.000 0.345
5710.000 0.342
5720.000 0.347
5730.000 0.342
5740.000 0.361
5750.000 0.369
5760.000 0.374
5770.000 0.381
5780.000 0.373
5790.000 0.375
5800.000 0.365
5810.000 0.359
5820.000 0.368
5830.000 0.345
5840.000 0.354
5850.000 0.353
5860.000 0.342
5870.000 0.338
5880.000 0.331
5890.000 0.341
5900.000 0.335
5910.000 0.325
5920.000 0.325
5930.000 0.349
5940.000 0.319
5950.000 0.303
5960.000 0.311
5970.000 0.305
5980.000 0.324
5990.000 0.326
6000.000 0.327
6010.000 0.320
6020.000 0.327
6030.000 0.338
6040.000 0.340
6050.000 0.347
6060.000 0.366
6070.000 0.365
6080.000 0.386
6090.000 0.392
6100.000 0.412
6110.000 0.446
6120.000 0.451
6130.000 0.472
6140.000 0.479
6150.000 0.509
6160.000 0.527
6170.000 0.527
6180.000 0.535
6190.000 0.558
6200.000 0.590
6210.000 0.627
6220.000 0.661
6230.000 0.658
6240.000 0.704
6250.000 0.735
6260.000 0.762
6270.000 0.780
6280.000 0.791
6290.000 0.818
6300.000 0.855
6310.000 0.854
6320.000 0.905
6330.000 0.959
6340.000 0.965
6350.000 1.017
6360.000 1.061
6370.000 1.104
6380.000 1.155
6390.000 1.205
6400.000 1.273
6410.000 1.352
6420.000 1.408
6430.000 1.408
6440.000 1.461
6450.000 1.576
6460.000 1.661
6470.000 1.875
6480.000 2.045
6490.000 2.045
6500.000 2.226
6510.000 2.427
6520.000 2.644
6530.000 2.905
6540.000 3.216
6550.000 3.554
6560.000 3.954
6570.000 4.382
6580.000 4.914
6590.000 5.507
6600.000 6.235
6610.000 7.099
6620.000 8.205
6630.000 9.609
6640.000 11.468
6650.000 14.025
6660.000 17.705
6670.000 17.705
6680.000 31.284
6690.000 42.841
6700.000 42.840
6710.000 54.694
6720.000 55.146
6730.000 40.168
6740.000 30.249
6750.000 24.826
6760.000 21.426
6770.000 19.119
6780.000 17.494
6790.000 16.298
6800.000 15.431
6810.000 14.801
6820.000 14.305
6830.000 13.948
6840.000 13.756
6850.000 13.732
6860.000 13.864
6870.000 14.186
6880.000 14.620
6890.000 15.320
6900.000 16.235
6910.000 17.448
6920.000 17.448
6930.000 18.991
6940.000 20.910
6950.000 23.257
6960.000 26.436
6970.000 30.546
6980.000 36.513
6990.000 44.506
7000.000 55.314
7010.000 60.958
7020.000 60.874
7030.000 54.199
7040.000 40.058
7050.000 30.684
7060.000 24.940
7070.000 21.044
7080.000 18.308
7090.000 16.233
7100.000 14.393
7110.000 12.924
7120.000 11.723
7130.000 10.736
7140.000 9.923
7150.000 9.176
7160.000 8.616
7170.000 8.113
7180.000 8.110
7190.000 7.708
7200.000 7.444
7210.000 7.193
7220.000 7.036
7230.000 7.129
7240.000 7.230
7250.000 7.351
7260.000 7.447
7270.000 7.564
7280.000 7.667
7290.000 7.807
7300.000 7.957
7310.000 8.113
7320.000 8.317
7330.000 8.547
7340.000 8.777
7350.000 9.059
7360.000 9.417
7370.000 9.834
7380.000 10.336
7390.000 10.974
7400.000 11.735
7410.000 12.542
7420.000 12.542
7430.000 13.615
7440.000 15.224
7450.000 17.390
7460.000 20.247
7470.000 24.148
7480.000 29.422
7490.000 36.057
7500.000 42.703
7510.000 45.161
7520.000 39.371
7530.000 30.128
7540.000 23.349
7550.000 18.621
7560.000 15.326
7570.000 12.917
7580.000 11.115
7590.000 9.719
7600.000 8.726
7610.000 7.892
7620.000 7.424
7630.000 7.005
7640.000 6.668
7650.000 6.352
7660.000 6.090
7670.000 5.845
7680.000 5.845
7690.000 5.631
7700.000 5.451
7710.000 5.256
7720.000 5.103
7730.000 4.985
7740.000 4.768
7750.000 4.692
7760.000 4.692
7770.000 4.636
7780.000 4.619
7790.000 4.605
7800.000 4.649
7810.000 4.712
7820.000 4.824
7830.000 4.971
7840.000 5.139
7850.000 5.405
7860.000 5.659
7870.000 5.977
7880.000 6.451
7890.000 7.063
7900.000 7.919
7910.000 9.121
7920.000 9.121
7930.000 10.780
7940.000 12.981
7950.000 16.628
7960.000 16.628
7970.000 10.489
7980.000 10.489
7990.000 7.607
8000.000 5.949
8010.000 4.859
8020.000 4.076
8030.000 3.495
8040.000 3.021
8050.000 2.696
8060.000 2.446
8070.000 2.162
8080.000 1.863
8090.000 1.609
8100.000 1.411
8110.000 1.220
8120.000 1.069
8130.000 0.987
8140.000 0.915
8150.000 0.784
8160.000 0.665
8170.000 0.566
8180.000 0.473
8190.000 0.473
8200.000 0.405
8210.000 0.381
8220.000 0.396
8230.000 0.380
8240.000 0.335
8250.000 0.294
8260.000 0.284
8270.000 0.284
8280.000 0.299
8290.000 0.306
8300.000 0.310
8310.000 0.312
8320.000 0.311
8330.000 0.315
8340.000 0.310
8350.000 0.313
8360.000 0.319
8370.000 0.307
8380.000 0.293
8390.000 0.304
8400.000 0.284
8410.000 0.297
8420.000 0.280
8430.000 0.280
8440.000 0.290
8450.000 0.263
8460.000 0.246
8470.000 0.258
8480.000 0.242
8490.000 0.239
8500.000 0.236
8510.000 0.226
8520.000 0.233
8530.000 0.216
8540.000 0.184
8550.000 0.182
8560.000 0.186
8570.000 0.164
8580.000 0.168
8590.000 0.165
8600.000 0.144
8610.000 0.149
8620.000 0.144
8630.000 0.134
8640.000 0.139
8650.000 0.136
8660.000 0.141
8670.000 0.141
8680.000 0.132
8690.000 0.134
8700.000 0.126
8710.000 0.134
8720.000 0.155
8730.000 0.148
8740.000 0.159
8750.000 0.168
8760.000 0.168
8770.000 0.178
8780.000 0.176
8790.000 0.179
8800.000 0.177
8810.000 0.186
8820.000 0.163
8830.000 0.125
8840.000 0.121
8850.000 0.112
8860.000 0.138
8870.000 0.178
8880.000 0.174
8890.000 0.169
8900.000 0.162
8910.000 0.157
8920.000 0.157
8930.000 0.158
8940.000 0.150
8950.000 0.155
8960.000 0.144
8970.000 0.133
8980.000 0.153
8990.000 0.145
9000.000 0.138
9010.000 0.138
9020.000 0.136
9030.000 0.129
9040.000 0.124
9050.000 0.119
9060.000 0.122
9070.000 0.120
9080.000 0.121
9090.000 0.117
9100.000 0.131
9110.000 0.142
9120.000 0.141
9130.000 0.135
9140.000 0.158
9150.000 0.156
9160.000 0.165
9170.000 0.151
9180.000 0.151
9190.000 0.162
9200.000 0.164
9210.000 0.175
9220.000 0.166
9230.000 0.179
9240.000 0.173
9250.000 0.173
9260.000 0.165
9270.000 0.163
9280.000 0.171
9290.000 0.168
9300.000 0.154
9310.000 0.167
9320.000 0.176
9330.000 0.169
9340.000 0.176
9350.000 0.185
9360.000 0.179
9370.000 0.188
9380.000 0.190
9390.000 0.195
9400.000 0.199
9410.000 0.205
9420.000 0.205
9430.000 0.203
9440.000 0.206
9450.000 0.210
9460.000 0.212
9470.000 0.212
9480.000 0.219
9490.000 0.228
9500.000 0.227
9510.000 0.240
9520.000 0.255
9530.000 0.262
9540.000 0.280
9550.000 0.279
9560.000 0.286
9570.000 0.302
9580.000 0.311
9590.000 0.311
9600.000 0.329
9610.000 0.343
9620.000 0.342
9630.000 0.354
9640.000 0.375
9650.000 0.385
9660.000 0.400
9670.000 0.413
9680.000 0.429
9690.000 0.429
9700.000 0.453
9710.000 0.478
9720.000 0.515
9730.000 0.543
9740.000 0.571
9750.000 0.610
9760.000 0.649
9770.000 0.694
9780.000 0.744
9790.000 0.792
9800.000 0.848
9810.000 0.918
9820.000 0.999
9830.000 1.084
9840.000 1.183
9850.000 1.302
9860.000 1.433
9870.000 1.601
9880.000 1.813
9890.000 2.065
9900.000 2.379
9910.000 2.802
9920.000 2.802
9930.000 3.333
9940.000 4.068
9950.000 5.064
9960.000 6.478
9970.000 8.487
9980.000 11.090
9990.000 13.841
10000.000 14.616
10010.000 11.995
10020.000 9.198
10030.000 7.525
10040.000 6.457
10050.000 5.735
10060.000 5.240
10070.000 4.891
10080.000 4.654
10090.000 4.493
10100.000 4.402
10110.000 4.362
10120.000 4.361
10130.000 4.415
10140.000 4.508
10150.000 4.637
10160.000 4.831
10170.000 4.831
10180.000 5.062
10190.000 5.333
10200.000 5.700
10210.000 6.209
10220.000 6.890
10230.000 7.818
10240.000 9.064
10250.000 10.766
10260.000 13.003
10270.000 15.602
10280.000 17.613
10290.000 17.407
10300.000 14.577
10310.000 11.487
10320.000 9.241
10330.000 7.704
10340.000 6.559
10350.000 5.741
10360.000 5.083
10370.000 4.565
10380.000 4.152
10390.000 3.829
10400.000 3.561
10410.000 3.355
10420.000 3.187
10430.000 3.187
10440.000 3.065
10450.000 2.969
10460.000 2.905
10470.000 2.855
10480.000 2.818
10490.000 2.799
10500.000 2.796
10510.000 2.796
10520.000 2.808
10530.000 2.812
10540.000 2.811
10550.000 2.830
10560.000 2.877
10570.000 2.948
10580.000 3.049
10590.000 3.181
10600.000 3.357
10610.000 3.578
10620.000 3.870
10630.000 4.268
10640.000 4.762
10650.000 5.387
10660.000 6.048
10670.000 6.048
10680.000 6.685
10690.000 7.418
10700.000 8.358
10710.000 9.115
10720.000 7.845
10730.000 6.290
10740.000 5.078
10750.000 5.078
10760.000 4.202
10770.000 3.555
10780.000 3.070
10790.000 2.698
10800.000 2.409
10810.000 2.139
10820.000 1.908
10830.000 1.721
10840.000 1.570
10850.000 1.452
10860.000 1.362
10870.000 1.288
10880.000 1.218
10890.000 1.148
10900.000 1.084
10910.000 1.049
10920.000 1.049
10930.000 1.032
10940.000 1.012
10950.000 1.025
10960.000 1.076
10970.000 1.076
10980.000 1.132
10990.000 1.199
11000.000 1.283
11010.000 1.377
11020.000 1.495
11030.000 1.640
11040.000 1.816
11050.000 2.048
11060.000 2.356
11070.000 2.713
11080.000 3.031
11090.000 3.129
11100.000 2.755
11110.000 2.147
11120.000 1.641
11130.000 1.283
11140.000 1.034
11150.000 0.855
11160.000 0.718
11170.000 0.612
11180.000 0.612
11190.000 0.528
11200.000 0.461
11210.000 0.400
11220.000 0.345
11230.000 0.304
11240.000 0.268
11250.000 0.240
11260.000 0.212
11270.000 0.185
11280.000 0.173
11290.000 0.155
11300.000 0.141
11310.000 0.129
11320.000 0.125
11330.000 0.122
11340.000 0.123
11350.000 0.118
11360.000 0.116
11370.000 0.114
11380.000 0.111
11390.000 0.105
11400.000 0.099
11410.000 0.097
11420.000 0.097
11430.000 0.095
11440.000 0.089
11450.000 0.086
11460.000 0.080
11470.000 0.075
11480.000 0.073
11490.000 0.070
11500.000 0.062
11510.000 0.061
11520.000 0.053
11530.000 0.050
11540.000 0.047
11550.000 0.044
11560.000 0.038
11570.000 0.037
11580.000 0.037
11590.000 0.033
11600.000 0.034
11610.000 0.032
11620.000 0.031
11630.000 0.031
11640.000 0.027
11650.000 0.029
11660.000 0.031
11670.000 0.032
11680.000 0.032
11690.000 0.034
11700.000 0.035
11710.000 0.034
11720.000 0.036
11730.000 0.039
11740.000 0.040
11750.000 0.039
11760.000 0.037
11770.000 0.037
11780.000 0.040
11790.000 0.037
11800.000 0.039
11810.000 0.039
11820.000 0.039
11830.000 0.036
11840.000 0.039
11850.000 0.034
11860.000 0.037
11870.000 0.033
11880.000 0.035
11890.000 0.031
11900.000 0.031
11910.000 0.029
11920.000 0.029
11930.000 0.031
11940.000 0.028
11950.000 0.031
11960.000 0.034
11970.000 0.032
11980.000 0.032
11990.000 0.036
12000.000 0.033
