# U_a [Volt], I_a [nA], I_a_plus_delta [nA]
0.000000000000000000e+00 1.000000000000000000e+03 2.667999999999999972e+01
1.181999999999999940e+00 9.199600000000000364e+02 2.667999999999999972e+01
2.363999999999999879e+00 8.465900000000000318e+02 2.667999999999999972e+01
3.546000000000000263e+00 7.665499999999999545e+02 3.001500000000000057e+01
4.727999999999999758e+00 6.798400000000000318e+02 3.668500000000000227e+01
5.910000000000000142e+00 5.531100000000000136e+02 4.668999999999999773e+01
7.092000000000000526e+00 3.930299999999999727e+02 7.337000000000000455e+01
7.486000000000000654e+00 3.129900000000000091e+02 8.337500000000000000e+01
7.880000000000000782e+00 1.862599999999999909e+02 1.534099999999999966e+02
8.274000000000000909e+00 3.951999999999998181e+01 3.001500000000000057e+01
9.455999999999999517e+00 0.000000000000000000e+00 0.000000000000000000e+00
