# U_a [Volt], I_a [nA]
0.000000000000000000e+00 8.802499999999999769e-01
5.839999999999999636e-01 8.047999999999999599e-01
1.167999999999999927e+00 7.041999999999999371e-01
1.751999999999999780e+00 6.538999999999999257e-01
2.335999999999999854e+00 5.281500000000000083e-01
2.627999999999999670e+00 4.778499999999999970e-01
2.919999999999999929e+00 3.520999999999999686e-01
3.211999999999999744e+00 2.515000000000000013e-01
3.503999999999999559e+00 1.508999999999999786e-01
3.795999999999999819e+00 5.029999999999999749e-02
4.379999999999999893e+00 0.000000000000000000e+00
4.963999999999999524e+00 0.000000000000000000e+00
5.548000000000000043e+00 0.000000000000000000e+00
6.131999999999999673e+00 0.000000000000000000e+00
